0 0.000000 1.000000
0 0.010000 1.000000
0 0.020000 1.000000
0 0.030000 1.000000
0 0.040000 1.000000
0 0.050000 1.000000
0 0.060000 1.000000
0 0.070000 1.000000
0 0.080000 1.000000
0 0.090000 1.000000
0 0.100000 1.000000
0 0.110000 1.000000
0 0.120000 1.000000
0 0.130000 1.000000
0 0.140000 1.000000
0 0.150000 1.000000
0 0.160000 1.000000
0 0.170000 1.000000
0 0.180000 1.000000
0 0.190000 1.000000
0 0.200000 1.000000
0 0.210000 1.000000
0 0.220000 1.000000
0 0.230000 1.000000
0 0.240000 1.000000
0 0.250000 1.000000
0 0.260000 1.000000
0 0.270000 1.000000
0 0.280000 1.000000
0 0.290000 1.000000
0 0.300000 1.000000
0 0.310000 1.000000
0 0.320000 1.000000
0 0.330000 1.000000
0 0.340000 1.000000
0 0.350000 1.000000
0 0.360000 1.000000
0 0.370000 1.000000
0 0.380000 1.000000
0 0.390000 1.000000
0 0.400000 1.000000
0 0.410000 1.000000
0 0.420000 1.000000
0 0.430000 1.000000
0 0.440000 1.000000
0 0.450000 1.000000
0 0.460000 1.000000
0 0.470000 1.000000
0 0.480000 1.000000
0 0.490000 1.000000
0 0.500000 1.000000
0 0.510000 1.000000
0 0.520000 1.000000
0 0.530000 1.000000
0 0.540000 1.000000
0 0.550000 1.000000
0 0.560000 1.000000
0 0.570000 1.000000
0 0.580000 1.000000
0 0.590000 1.000000
0 0.600000 1.000000
0 0.610000 1.000000
0 0.620000 1.000000
0 0.630000 1.000000
0 0.640000 1.000000
0 0.650000 1.000000
0 0.660000 1.000000
0 0.670000 1.000000
0 0.680000 1.000000
0 0.690000 1.000000
0 0.700000 1.000000
0 0.710000 1.000000
0 0.720000 1.000000
0 0.730000 1.000000
0 0.740000 1.000000
0 0.750000 1.000000
0 0.760000 1.000000
0 0.770000 1.000000
0 0.780000 1.000000
0 0.790000 1.000000
0 0.800000 1.000000
0 0.810000 1.000000
0 0.820000 1.000000
0 0.830000 1.000000
0 0.840000 1.000000
0 0.850000 1.000000
0 0.860000 1.000000
0 0.870000 1.000000
0 0.880000 1.000000
0 0.890000 1.000000
0 0.900000 1.000000
0 0.910000 1.000000
0 0.920000 1.000000
0 0.930000 1.000000
0 0.940000 1.000000
0 0.950000 1.000000
0 0.960000 1.000000
0 0.970000 1.000000
0 0.980000 1.000000
0 0.990000 1.000000
0 1.000000 1.000000
1 0.000000 0.545790
1 0.010000 inf
1 0.020000 inf
1 0.030000 inf
1 0.040000 inf
1 0.050000 inf
1 0.060000 inf
1 0.070000 inf
1 0.080000 inf
1 0.090000 inf
1 0.100000 inf
1 0.110000 inf
1 0.120000 inf
1 0.130000 inf
1 0.140000 inf
1 0.150000 inf
1 0.160000 inf
1 0.170000 inf
1 0.180000 inf
1 0.190000 inf
1 0.200000 inf
1 0.210000 inf
1 0.220000 inf
1 0.230000 inf
1 0.240000 inf
1 0.250000 inf
1 0.260000 inf
1 0.270000 inf
1 0.280000 inf
1 0.290000 inf
1 0.300000 inf
1 0.310000 inf
1 0.320000 inf
1 0.330000 inf
1 0.340000 inf
1 0.350000 inf
1 0.360000 inf
1 0.370000 inf
1 0.380000 inf
1 0.390000 inf
1 0.400000 inf
1 0.410000 inf
1 0.420000 inf
1 0.430000 inf
1 0.440000 inf
1 0.450000 inf
1 0.460000 inf
1 0.470000 inf
1 0.480000 inf
1 0.490000 inf
1 0.500000 inf
1 0.510000 inf
1 0.520000 inf
1 0.530000 inf
1 0.540000 inf
1 0.550000 inf
1 0.560000 inf
1 0.570000 inf
1 0.580000 inf
1 0.590000 inf
1 0.600000 inf
1 0.610000 inf
1 0.620000 inf
1 0.630000 inf
1 0.640000 inf
1 0.650000 inf
1 0.660000 inf
1 0.670000 inf
1 0.680000 inf
1 0.690000 inf
1 0.700000 inf
1 0.710000 inf
1 0.720000 inf
1 0.730000 inf
1 0.740000 inf
1 0.750000 inf
1 0.760000 inf
1 0.770000 inf
1 0.780000 inf
1 0.790000 inf
1 0.800000 inf
1 0.810000 inf
1 0.820000 inf
1 0.830000 inf
1 0.840000 inf
1 0.850000 inf
1 0.860000 inf
1 0.870000 inf
1 0.880000 inf
1 0.890000 inf
1 0.900000 inf
1 0.910000 inf
1 0.920000 inf
1 0.930000 inf
1 0.940000 inf
1 0.950000 inf
1 0.960000 inf
1 0.970000 inf
1 0.980000 inf
1 0.990000 inf
1 1.000000 inf
2 0.000000 0.543496
2 0.010000 inf
2 0.020000 inf
2 0.030000 inf
2 0.040000 inf
2 0.050000 inf
2 0.060000 inf
2 0.070000 inf
2 0.080000 inf
2 0.090000 inf
2 0.100000 inf
2 0.110000 inf
2 0.120000 inf
2 0.130000 inf
2 0.140000 inf
2 0.150000 inf
2 0.160000 inf
2 0.170000 inf
2 0.180000 inf
2 0.190000 inf
2 0.200000 inf
2 0.210000 inf
2 0.220000 inf
2 0.230000 inf
2 0.240000 inf
2 0.250000 inf
2 0.260000 inf
2 0.270000 inf
2 0.280000 inf
2 0.290000 inf
2 0.300000 inf
2 0.310000 inf
2 0.320000 inf
2 0.330000 inf
2 0.340000 inf
2 0.350000 inf
2 0.360000 inf
2 0.370000 inf
2 0.380000 inf
2 0.390000 inf
2 0.400000 inf
2 0.410000 inf
2 0.420000 inf
2 0.430000 inf
2 0.440000 inf
2 0.450000 inf
2 0.460000 inf
2 0.470000 inf
2 0.480000 inf
2 0.490000 inf
2 0.500000 inf
2 0.510000 inf
2 0.520000 inf
2 0.530000 inf
2 0.540000 inf
2 0.550000 inf
2 0.560000 inf
2 0.570000 inf
2 0.580000 inf
2 0.590000 inf
2 0.600000 inf
2 0.610000 inf
2 0.620000 inf
2 0.630000 inf
2 0.640000 inf
2 0.650000 inf
2 0.660000 inf
2 0.670000 inf
2 0.680000 inf
2 0.690000 inf
2 0.700000 inf
2 0.710000 inf
2 0.720000 inf
2 0.730000 inf
2 0.740000 inf
2 0.750000 inf
2 0.760000 inf
2 0.770000 inf
2 0.780000 inf
2 0.790000 inf
2 0.800000 inf
2 0.810000 inf
2 0.820000 inf
2 0.830000 inf
2 0.840000 inf
2 0.850000 inf
2 0.860000 inf
2 0.870000 inf
2 0.880000 inf
2 0.890000 inf
2 0.900000 inf
2 0.910000 inf
2 0.920000 inf
2 0.930000 inf
2 0.940000 inf
2 0.950000 inf
2 0.960000 inf
2 0.970000 inf
2 0.980000 inf
2 0.990000 inf
2 1.000000 inf
3 0.000000 0.543485
3 0.010000 inf
3 0.020000 inf
3 0.030000 inf
3 0.040000 inf
3 0.050000 inf
3 0.060000 inf
3 0.070000 inf
3 0.080000 inf
3 0.090000 inf
3 0.100000 inf
3 0.110000 inf
3 0.120000 inf
3 0.130000 inf
3 0.140000 inf
3 0.150000 inf
3 0.160000 inf
3 0.170000 inf
3 0.180000 inf
3 0.190000 inf
3 0.200000 inf
3 0.210000 inf
3 0.220000 inf
3 0.230000 inf
3 0.240000 inf
3 0.250000 inf
3 0.260000 inf
3 0.270000 inf
3 0.280000 inf
3 0.290000 inf
3 0.300000 inf
3 0.310000 inf
3 0.320000 inf
3 0.330000 inf
3 0.340000 inf
3 0.350000 inf
3 0.360000 inf
3 0.370000 inf
3 0.380000 inf
3 0.390000 inf
3 0.400000 inf
3 0.410000 inf
3 0.420000 inf
3 0.430000 inf
3 0.440000 inf
3 0.450000 inf
3 0.460000 inf
3 0.470000 inf
3 0.480000 inf
3 0.490000 inf
3 0.500000 inf
3 0.510000 inf
3 0.520000 inf
3 0.530000 inf
3 0.540000 inf
3 0.550000 inf
3 0.560000 inf
3 0.570000 inf
3 0.580000 inf
3 0.590000 inf
3 0.600000 inf
3 0.610000 inf
3 0.620000 inf
3 0.630000 inf
3 0.640000 inf
3 0.650000 inf
3 0.660000 inf
3 0.670000 inf
3 0.680000 inf
3 0.690000 inf
3 0.700000 inf
3 0.710000 inf
3 0.720000 inf
3 0.730000 inf
3 0.740000 inf
3 0.750000 inf
3 0.760000 inf
3 0.770000 inf
3 0.780000 inf
3 0.790000 inf
3 0.800000 inf
3 0.810000 inf
3 0.820000 inf
3 0.830000 inf
3 0.840000 inf
3 0.850000 inf
3 0.860000 inf
3 0.870000 inf
3 0.880000 inf
3 0.890000 inf
3 0.900000 inf
3 0.910000 inf
3 0.920000 inf
3 0.930000 inf
3 0.940000 inf
3 0.950000 inf
3 0.960000 inf
3 0.970000 inf
3 0.980000 inf
3 0.990000 inf
3 1.000000 inf
4 0.000000 0.543485
4 0.010000 inf
4 0.020000 inf
4 0.030000 inf
4 0.040000 inf
4 0.050000 inf
4 0.060000 inf
4 0.070000 inf
4 0.080000 inf
4 0.090000 inf
4 0.100000 inf
4 0.110000 inf
4 0.120000 inf
4 0.130000 inf
4 0.140000 inf
4 0.150000 inf
4 0.160000 inf
4 0.170000 inf
4 0.180000 inf
4 0.190000 inf
4 0.200000 inf
4 0.210000 inf
4 0.220000 inf
4 0.230000 inf
4 0.240000 inf
4 0.250000 inf
4 0.260000 inf
4 0.270000 inf
4 0.280000 inf
4 0.290000 inf
4 0.300000 inf
4 0.310000 inf
4 0.320000 inf
4 0.330000 inf
4 0.340000 inf
4 0.350000 inf
4 0.360000 inf
4 0.370000 inf
4 0.380000 inf
4 0.390000 inf
4 0.400000 inf
4 0.410000 inf
4 0.420000 inf
4 0.430000 inf
4 0.440000 inf
4 0.450000 inf
4 0.460000 inf
4 0.470000 inf
4 0.480000 inf
4 0.490000 inf
4 0.500000 inf
4 0.510000 inf
4 0.520000 inf
4 0.530000 inf
4 0.540000 inf
4 0.550000 inf
4 0.560000 inf
4 0.570000 inf
4 0.580000 inf
4 0.590000 inf
4 0.600000 inf
4 0.610000 inf
4 0.620000 inf
4 0.630000 inf
4 0.640000 inf
4 0.650000 inf
4 0.660000 inf
4 0.670000 inf
4 0.680000 inf
4 0.690000 inf
4 0.700000 inf
4 0.710000 inf
4 0.720000 inf
4 0.730000 inf
4 0.740000 inf
4 0.750000 inf
4 0.760000 inf
4 0.770000 inf
4 0.780000 inf
4 0.790000 inf
4 0.800000 inf
4 0.810000 inf
4 0.820000 inf
4 0.830000 inf
4 0.840000 inf
4 0.850000 inf
4 0.860000 inf
4 0.870000 inf
4 0.880000 inf
4 0.890000 inf
4 0.900000 inf
4 0.910000 inf
4 0.920000 inf
4 0.930000 inf
4 0.940000 inf
4 0.950000 inf
4 0.960000 inf
4 0.970000 inf
4 0.980000 inf
4 0.990000 inf
4 1.000000 inf
5 0.000000 0.543485
5 0.010000 inf
5 0.020000 inf
5 0.030000 inf
5 0.040000 inf
5 0.050000 inf
5 0.060000 inf
5 0.070000 inf
5 0.080000 inf
5 0.090000 inf
5 0.100000 inf
5 0.110000 inf
5 0.120000 inf
5 0.130000 inf
5 0.140000 inf
5 0.150000 inf
5 0.160000 inf
5 0.170000 inf
5 0.180000 inf
5 0.190000 inf
5 0.200000 inf
5 0.210000 inf
5 0.220000 inf
5 0.230000 inf
5 0.240000 inf
5 0.250000 inf
5 0.260000 inf
5 0.270000 inf
5 0.280000 inf
5 0.290000 inf
5 0.300000 inf
5 0.310000 inf
5 0.320000 inf
5 0.330000 inf
5 0.340000 inf
5 0.350000 inf
5 0.360000 inf
5 0.370000 inf
5 0.380000 inf
5 0.390000 inf
5 0.400000 inf
5 0.410000 inf
5 0.420000 inf
5 0.430000 inf
5 0.440000 inf
5 0.450000 inf
5 0.460000 inf
5 0.470000 inf
5 0.480000 inf
5 0.490000 inf
5 0.500000 inf
5 0.510000 inf
5 0.520000 inf
5 0.530000 inf
5 0.540000 inf
5 0.550000 inf
5 0.560000 inf
5 0.570000 inf
5 0.580000 inf
5 0.590000 inf
5 0.600000 inf
5 0.610000 inf
5 0.620000 inf
5 0.630000 inf
5 0.640000 inf
5 0.650000 inf
5 0.660000 inf
5 0.670000 inf
5 0.680000 inf
5 0.690000 inf
5 0.700000 inf
5 0.710000 inf
5 0.720000 inf
5 0.730000 inf
5 0.740000 inf
5 0.750000 inf
5 0.760000 inf
5 0.770000 inf
5 0.780000 inf
5 0.790000 inf
5 0.800000 inf
5 0.810000 inf
5 0.820000 inf
5 0.830000 inf
5 0.840000 inf
5 0.850000 inf
5 0.860000 inf
5 0.870000 inf
5 0.880000 inf
5 0.890000 inf
5 0.900000 inf
5 0.910000 inf
5 0.920000 inf
5 0.930000 inf
5 0.940000 inf
5 0.950000 inf
5 0.960000 inf
5 0.970000 inf
5 0.980000 inf
5 0.990000 inf
5 1.000000 inf
6 0.000000 0.543485
6 0.010000 inf
6 0.020000 inf
6 0.030000 inf
6 0.040000 inf
6 0.050000 inf
6 0.060000 inf
6 0.070000 inf
6 0.080000 inf
6 0.090000 inf
6 0.100000 inf
6 0.110000 inf
6 0.120000 inf
6 0.130000 inf
6 0.140000 inf
6 0.150000 inf
6 0.160000 inf
6 0.170000 inf
6 0.180000 inf
6 0.190000 inf
6 0.200000 inf
6 0.210000 inf
6 0.220000 inf
6 0.230000 inf
6 0.240000 inf
6 0.250000 inf
6 0.260000 inf
6 0.270000 inf
6 0.280000 inf
6 0.290000 inf
6 0.300000 inf
6 0.310000 inf
6 0.320000 inf
6 0.330000 inf
6 0.340000 inf
6 0.350000 inf
6 0.360000 inf
6 0.370000 inf
6 0.380000 inf
6 0.390000 inf
6 0.400000 inf
6 0.410000 inf
6 0.420000 inf
6 0.430000 inf
6 0.440000 inf
6 0.450000 inf
6 0.460000 inf
6 0.470000 inf
6 0.480000 inf
6 0.490000 inf
6 0.500000 inf
6 0.510000 inf
6 0.520000 inf
6 0.530000 inf
6 0.540000 inf
6 0.550000 inf
6 0.560000 inf
6 0.570000 inf
6 0.580000 inf
6 0.590000 inf
6 0.600000 inf
6 0.610000 inf
6 0.620000 inf
6 0.630000 inf
6 0.640000 inf
6 0.650000 inf
6 0.660000 inf
6 0.670000 inf
6 0.680000 inf
6 0.690000 inf
6 0.700000 inf
6 0.710000 inf
6 0.720000 inf
6 0.730000 inf
6 0.740000 inf
6 0.750000 inf
6 0.760000 inf
6 0.770000 inf
6 0.780000 inf
6 0.790000 inf
6 0.800000 inf
6 0.810000 inf
6 0.820000 inf
6 0.830000 inf
6 0.840000 inf
6 0.850000 inf
6 0.860000 inf
6 0.870000 inf
6 0.880000 inf
6 0.890000 inf
6 0.900000 inf
6 0.910000 inf
6 0.920000 inf
6 0.930000 inf
6 0.940000 inf
6 0.950000 inf
6 0.960000 inf
6 0.970000 inf
6 0.980000 inf
6 0.990000 inf
6 1.000000 inf
7 0.000000 0.543485
7 0.010000 inf
7 0.020000 inf
7 0.030000 inf
7 0.040000 inf
7 0.050000 inf
7 0.060000 inf
7 0.070000 inf
7 0.080000 inf
7 0.090000 inf
7 0.100000 inf
7 0.110000 inf
7 0.120000 inf
7 0.130000 inf
7 0.140000 inf
7 0.150000 inf
7 0.160000 inf
7 0.170000 inf
7 0.180000 inf
7 0.190000 inf
7 0.200000 inf
7 0.210000 inf
7 0.220000 inf
7 0.230000 inf
7 0.240000 inf
7 0.250000 inf
7 0.260000 inf
7 0.270000 inf
7 0.280000 inf
7 0.290000 inf
7 0.300000 inf
7 0.310000 inf
7 0.320000 inf
7 0.330000 inf
7 0.340000 inf
7 0.350000 inf
7 0.360000 inf
7 0.370000 inf
7 0.380000 inf
7 0.390000 inf
7 0.400000 inf
7 0.410000 inf
7 0.420000 inf
7 0.430000 inf
7 0.440000 inf
7 0.450000 inf
7 0.460000 inf
7 0.470000 inf
7 0.480000 inf
7 0.490000 inf
7 0.500000 inf
7 0.510000 inf
7 0.520000 inf
7 0.530000 inf
7 0.540000 inf
7 0.550000 inf
7 0.560000 inf
7 0.570000 inf
7 0.580000 inf
7 0.590000 inf
7 0.600000 inf
7 0.610000 inf
7 0.620000 inf
7 0.630000 inf
7 0.640000 inf
7 0.650000 inf
7 0.660000 inf
7 0.670000 inf
7 0.680000 inf
7 0.690000 inf
7 0.700000 inf
7 0.710000 inf
7 0.720000 inf
7 0.730000 inf
7 0.740000 inf
7 0.750000 inf
7 0.760000 inf
7 0.770000 inf
7 0.780000 inf
7 0.790000 inf
7 0.800000 inf
7 0.810000 inf
7 0.820000 inf
7 0.830000 inf
7 0.840000 inf
7 0.850000 inf
7 0.860000 inf
7 0.870000 inf
7 0.880000 inf
7 0.890000 inf
7 0.900000 inf
7 0.910000 inf
7 0.920000 inf
7 0.930000 inf
7 0.940000 inf
7 0.950000 inf
7 0.960000 inf
7 0.970000 inf
7 0.980000 inf
7 0.990000 inf
7 1.000000 inf
8 0.000000 0.543485
8 0.010000 inf
8 0.020000 inf
8 0.030000 inf
8 0.040000 inf
8 0.050000 inf
8 0.060000 inf
8 0.070000 inf
8 0.080000 inf
8 0.090000 inf
8 0.100000 inf
8 0.110000 inf
8 0.120000 inf
8 0.130000 inf
8 0.140000 inf
8 0.150000 inf
8 0.160000 inf
8 0.170000 inf
8 0.180000 inf
8 0.190000 inf
8 0.200000 inf
8 0.210000 inf
8 0.220000 inf
8 0.230000 inf
8 0.240000 inf
8 0.250000 inf
8 0.260000 inf
8 0.270000 inf
8 0.280000 inf
8 0.290000 inf
8 0.300000 inf
8 0.310000 inf
8 0.320000 inf
8 0.330000 inf
8 0.340000 inf
8 0.350000 inf
8 0.360000 inf
8 0.370000 inf
8 0.380000 inf
8 0.390000 inf
8 0.400000 inf
8 0.410000 inf
8 0.420000 inf
8 0.430000 inf
8 0.440000 inf
8 0.450000 inf
8 0.460000 inf
8 0.470000 inf
8 0.480000 inf
8 0.490000 inf
8 0.500000 inf
8 0.510000 inf
8 0.520000 inf
8 0.530000 inf
8 0.540000 inf
8 0.550000 inf
8 0.560000 inf
8 0.570000 inf
8 0.580000 inf
8 0.590000 inf
8 0.600000 inf
8 0.610000 inf
8 0.620000 inf
8 0.630000 inf
8 0.640000 inf
8 0.650000 inf
8 0.660000 inf
8 0.670000 inf
8 0.680000 inf
8 0.690000 inf
8 0.700000 inf
8 0.710000 inf
8 0.720000 inf
8 0.730000 inf
8 0.740000 inf
8 0.750000 inf
8 0.760000 inf
8 0.770000 inf
8 0.780000 inf
8 0.790000 inf
8 0.800000 inf
8 0.810000 inf
8 0.820000 inf
8 0.830000 inf
8 0.840000 inf
8 0.850000 inf
8 0.860000 inf
8 0.870000 inf
8 0.880000 inf
8 0.890000 inf
8 0.900000 inf
8 0.910000 inf
8 0.920000 inf
8 0.930000 inf
8 0.940000 inf
8 0.950000 inf
8 0.960000 inf
8 0.970000 inf
8 0.980000 inf
8 0.990000 inf
8 1.000000 inf
9 0.000000 0.543485
9 0.010000 inf
9 0.020000 inf
9 0.030000 inf
9 0.040000 inf
9 0.050000 inf
9 0.060000 inf
9 0.070000 inf
9 0.080000 inf
9 0.090000 inf
9 0.100000 inf
9 0.110000 inf
9 0.120000 inf
9 0.130000 inf
9 0.140000 inf
9 0.150000 inf
9 0.160000 inf
9 0.170000 inf
9 0.180000 inf
9 0.190000 inf
9 0.200000 inf
9 0.210000 inf
9 0.220000 inf
9 0.230000 inf
9 0.240000 inf
9 0.250000 inf
9 0.260000 inf
9 0.270000 inf
9 0.280000 inf
9 0.290000 inf
9 0.300000 inf
9 0.310000 inf
9 0.320000 inf
9 0.330000 inf
9 0.340000 inf
9 0.350000 inf
9 0.360000 inf
9 0.370000 inf
9 0.380000 inf
9 0.390000 inf
9 0.400000 inf
9 0.410000 inf
9 0.420000 inf
9 0.430000 inf
9 0.440000 inf
9 0.450000 inf
9 0.460000 inf
9 0.470000 inf
9 0.480000 inf
9 0.490000 inf
9 0.500000 inf
9 0.510000 inf
9 0.520000 inf
9 0.530000 inf
9 0.540000 inf
9 0.550000 inf
9 0.560000 inf
9 0.570000 inf
9 0.580000 inf
9 0.590000 inf
9 0.600000 inf
9 0.610000 inf
9 0.620000 inf
9 0.630000 inf
9 0.640000 inf
9 0.650000 inf
9 0.660000 inf
9 0.670000 inf
9 0.680000 inf
9 0.690000 inf
9 0.700000 inf
9 0.710000 inf
9 0.720000 inf
9 0.730000 inf
9 0.740000 inf
9 0.750000 inf
9 0.760000 inf
9 0.770000 inf
9 0.780000 inf
9 0.790000 inf
9 0.800000 inf
9 0.810000 inf
9 0.820000 inf
9 0.830000 inf
9 0.840000 inf
9 0.850000 inf
9 0.860000 inf
9 0.870000 inf
9 0.880000 inf
9 0.890000 inf
9 0.900000 inf
9 0.910000 inf
9 0.920000 inf
9 0.930000 inf
9 0.940000 inf
9 0.950000 inf
9 0.960000 inf
9 0.970000 inf
9 0.980000 inf
9 0.990000 inf
9 1.000000 inf
10 0.000000 0.543485
10 0.010000 inf
10 0.020000 inf
10 0.030000 inf
10 0.040000 inf
10 0.050000 inf
10 0.060000 inf
10 0.070000 inf
10 0.080000 inf
10 0.090000 inf
10 0.100000 inf
10 0.110000 inf
10 0.120000 inf
10 0.130000 inf
10 0.140000 inf
10 0.150000 inf
10 0.160000 inf
10 0.170000 inf
10 0.180000 inf
10 0.190000 inf
10 0.200000 inf
10 0.210000 inf
10 0.220000 inf
10 0.230000 inf
10 0.240000 inf
10 0.250000 inf
10 0.260000 inf
10 0.270000 inf
10 0.280000 inf
10 0.290000 inf
10 0.300000 inf
10 0.310000 inf
10 0.320000 inf
10 0.330000 inf
10 0.340000 inf
10 0.350000 inf
10 0.360000 inf
10 0.370000 inf
10 0.380000 inf
10 0.390000 inf
10 0.400000 inf
10 0.410000 inf
10 0.420000 inf
10 0.430000 inf
10 0.440000 inf
10 0.450000 inf
10 0.460000 inf
10 0.470000 inf
10 0.480000 inf
10 0.490000 inf
10 0.500000 inf
10 0.510000 inf
10 0.520000 inf
10 0.530000 inf
10 0.540000 inf
10 0.550000 inf
10 0.560000 inf
10 0.570000 inf
10 0.580000 inf
10 0.590000 inf
10 0.600000 inf
10 0.610000 inf
10 0.620000 inf
10 0.630000 inf
10 0.640000 inf
10 0.650000 inf
10 0.660000 inf
10 0.670000 inf
10 0.680000 inf
10 0.690000 inf
10 0.700000 inf
10 0.710000 inf
10 0.720000 inf
10 0.730000 inf
10 0.740000 inf
10 0.750000 inf
10 0.760000 inf
10 0.770000 inf
10 0.780000 inf
10 0.790000 inf
10 0.800000 inf
10 0.810000 inf
10 0.820000 inf
10 0.830000 inf
10 0.840000 inf
10 0.850000 inf
10 0.860000 inf
10 0.870000 inf
10 0.880000 inf
10 0.890000 inf
10 0.900000 inf
10 0.910000 inf
10 0.920000 inf
10 0.930000 inf
10 0.940000 inf
10 0.950000 inf
10 0.960000 inf
10 0.970000 inf
10 0.980000 inf
10 0.990000 inf
10 1.000000 inf
