T[1, 0,491] = 0,9832608350526052
T[2, 0,005] = 1
T[1, 0,102] = 1
T[2, 0,887] = 0,86250296836
T[2, 0,202] = 0,9764028058765022
T[2, 0,829] = 0,8833065262036608
T[2, 0,555] = 0,9307474491500001
T[2, 0,675] = 0,9307474491500001
T[1, 0,786] = 0,915670797313873
T[2, 0,118] = 0,9894900358833194
T[1, 0,767] = 0,9238002355392618
T[1, 0,301] = 0,9966753755116133
T[2, 0,736] = 0,9214761384283787
T[1, 0,172] = 1
T[1, 0,42] = 0,9899077750007315
T[1, 0,596] = 0,9686701842031983
T[1, 0,526] = 0,9799573691181012
T[2, 0,208] = 0,9730543699400018
T[2, 0,329] = 0,965373724575
T[2, 0,735] = 0,9214761384283787
T[2, 0,332] = 0,965373724575
T[1, 0,121] = 1
T[2, 0,709] = 0,9293557997785264
T[1, 0,654] = 0,9578173027741297
T[1, 0,556] = 0,975471468122443
T[2, 0,711] = 0,9284542212137297
T[1, 0,54] = 0,9776450311576246
T[1, 0,975] = 0,8614948983
T[1, 0,742] = 0,9331223067743235
T[2, 0,038] = 1
T[2, 0,611] = 0,9307474491500001
T[2, 0,627] = 0,9307474491500001
T[1, 0,098] = 1
T[2, 0,897] = 0,86250296836
T[2, 0,947] = 0,86250296836
T[2, 0,466] = 0,9307474491500001
T[1, 0,839] = 0,8884178639431367
T[1, 0,428] = 0,9897113839988004
T[2, 0,261] = 0,965373724575
T[2, 0,579] = 0,9307474491500001
T[1, 0,356] = 0,9938961159828497
T[2, 0,476] = 0,9307474491500001
T[2, 0,456] = 0,9307474491500001
T[1, 0,916] = 0,8614948983
T[2, 0,748] = 0,9173432720308758
T[1, 0,821] = 0,8991795634278141
T[1, 0,718] = 0,9409507175082967
T[1, 0,637] = 0,96145375929473
T[2, 0,139] = 0,9881674629652497
T[2, 0,63] = 0,9307474491500001
T[1, 0,225] = 0,9989971146022238
T[2, 0,669] = 0,9307474491500001
T[1, 0,538] = 0,9777260423249721
T[2, 0,133] = 0,9881869217891792
T[2, 0,511] = 0,9307474491500001
T[1, 0,734] = 0,9356922215979829
T[2, 0,028] = 1
T[2, 0,628] = 0,9307474491500001
T[1, 0,316] = 0,9959538317887302
T[2, 0,262] = 0,965373724575
T[1, 0,803] = 0,907417565428815
T[2, 0,62] = 0,9307474491500001
T[1, 0,11] = 1
T[1, 0,853] = 0,8798671602855056
T[1, 0,349] = 0,9942133753329367
T[1, 0,117] = 1
T[1, 0,002] = 1
T[1, 0,231] = 0,9989369286243861
T[2, 0,295] = 0,965373724575
T[1, 0,39] = 0,991815303505696
T[1, 0,187] = 0,9994841817690269
T[1, 0,443] = 0,9881454820663077
T[1, 0,194] = 0,9994841817690269
T[2, 0,875] = 0,86250296836
T[1, 0,913] = 0,8614948983
T[1, 0,63] = 0,9630333776632753
T[2, 0,355] = 0,965373724575
T[2, 0,268] = 0,965373724575
T[1, 0,903] = 0,8614948983
T[2, 0,029] = 1
T[1, 0,802] = 0,9085170138438727
T[2, 0,078] = 0,9975831504402122
T[2, 0,126] = 0,9892758110899389
T[2, 0,333] = 0,965373724575
T[2, 0,647] = 0,9307474491500001
T[1, 0,112] = 1
T[2, 0,954] = 0,86250296836
T[1, 0,176] = 1
T[2, 0,898] = 0,86250296836
T[2, 0,986] = 0,86250296836
T[2, 0,636] = 0,9307474491500001
T[2, 0,222] = 0,965373724575
T[2, 0,574] = 0,9307474491500001
T[2, 0,548] = 0,9307474491500001
T[1, 0,758] = 0,9267919729653131
T[2, 0,178] = 0,9844162124594281
T[1, 0,125] = 1
T[1, 0,584] = 0,9711861515389533
T[2, 0,547] = 0,9307474491500001
T[1, 0,869] = 0,8614948983
T[1, 0,338] = 0,9949278604382025
T[1, 0,499] = 0,9824010748047044
T[1, 0,427] = 0,9897113839988004
T[1, 0,479] = 0,9844697898452655
T[2, 0,291] = 0,965373724575
T[1, 0,585] = 0,9711861515389533
T[1, 0,454] = 0,9872213868372282
T[1, 0,137] = 1
T[1, 0,337] = 0,9949278604382025
T[2, 0,652] = 0,9307474491500001
T[1, 0,548] = 0,9764435810252229
T[1, 0,813] = 0,9026799303633303
T[1, 0,826] = 0,8952923339871124
T[2, 0,401] = 0,9542585069219364
T[1, 0,295] = 0,9969740308659838
T[2, 0,861] = 0,8639345481591235
T[2, 0,285] = 0,965373724575
T[1, 0,535] = 0,9788193279777514
T[2, 0,08] = 0,9971884833612126
T[2, 0,142] = 0,9880791169288248
T[2, 0,83] = 0,8829674101912167
T[2, 0,438] = 0,9307474491500001
T[2, 0,691] = 0,9307474491500001
T[2, 0,404] = 0,9528056117530043
T[1, 0,3] = 0,9966753755116133
T[2, 0,422] = 0,9424063919833989
T[1, 0,343] = 0,9949278604382025
T[1, 0,076] = 1
T[1, 0,845] = 0,8848127839667979
T[2, 0,836] = 0,8800484347761193
T[1, 0,45] = 0,9875843441304705
T[2, 0,96] = 0,86250296836
T[2, 0,507] = 0,9307474491500001
T[1, 0,153] = 1
T[1, 0,445] = 0,9877023349164201
T[1, 0,014] = 1
T[1, 0,169] = 1
T[2, 0,766] = 0,9114611320504926
T[1, 0,974] = 0,8614948983
T[1, 0,53] = 0,9788446097050565
T[2, 0,701] = 0,9307474491500001
T[1, 0,723] = 0,9388331084529167
T[1, 0,332] = 0,9949278604382025
T[2, 0,667] = 0,9307474491500001
T[2, 0,904] = 0,86250296836
T[2, 0,426] = 0,9403658518541318
T[2, 0,679] = 0,9307474491500001
T[2, 0,432] = 0,9307474491500001
T[1, 0,616] = 0,9659648705583821
T[2, 0,014] = 1
T[2, 0,519] = 0,9307474491500001
T[2, 0,492] = 0,9307474491500001
T[1, 0,416] = 0,9900616181660842
T[1, 0,381] = 0,9927347208224309
T[2, 0,738] = 0,9207315713409561
T[2, 0,073] = 0,9982436482878537
T[2, 0,343] = 0,965373724575
T[2, 0,997] = 0,86250296836
T[2, 0,935] = 0,86250296836
T[2, 0,363] = 0,965373724575
T[2, 0,263] = 0,965373724575
T[2, 0,243] = 0,965373724575
T[2, 0,649] = 0,9307474491500001
T[2, 0,955] = 0,86250296836
T[2, 0,569] = 0,9307474491500001
T[2, 0,71] = 0,9293557997785264
T[2, 0,283] = 0,965373724575
T[2, 0,995] = 0,86250296836
T[2, 0,632] = 0,9307474491500001
T[2, 0,365] = 0,965373724575
T[2, 0,131] = 0,9884612703101429
T[2, 0,336] = 0,965373724575
T[2, 0,558] = 0,9307474491500001
T[2, 0,412] = 0,9483701323132866
T[1, 0,94] = 0,8614948983
T[2, 0,772] = 0,9091913922947719
T[1, 0,76] = 0,9265173902245087
T[2, 0,975] = 0,86250296836
T[2, 0,15] = 0,9876977930100743
T[1, 0,69] = 0,9484537122552801
T[1, 0,389] = 0,991815303505696
T[2, 0,839] = 0,8776588089542575
T[1, 0,682] = 0,9503846821747047
T[2, 0,932] = 0,86250296836
T[1, 0,157] = 1
T[1, 0,48] = 0,984350397141935
T[2, 0,442] = 0,9307474491500001
T[1, 0,683] = 0,9503846821747047
T[2, 0,23] = 0,965373724575
T[1, 0,192] = 0,9994841817690269
T[2, 0,987] = 0,86250296836
T[2, 0,03] = 1
T[1, 0,579] = 0,9720459448596828
T[1, 0,674] = 0,9528859548823656
T[2, 0,106] = 0,9922429067225416
T[1, 0,735] = 0,9349371721438716
T[1, 0,575] = 0,9722418153406491
T[2, 0,591] = 0,9307474491500001
T[1, 0,425] = 0,9897113839988004
T[1, 0,441] = 0,9881633169947475
T[1, 0,851] = 0,8807317037082635
T[1, 0,788] = 0,9149218045289575
T[1, 0,648] = 0,9590353526335088
T[1, 0,632] = 0,9626541299622023
T[1, 0,592] = 0,9697331008920924
T[2, 0,937] = 0,86250296836
T[1, 0,709] = 0,9429888315301815
T[2, 0,24] = 0,965373724575
T[1, 0,544] = 0,9770696091480429
T[2, 0,493] = 0,9307474491500001
T[2, 0,37] = 0,965373724575
T[2, 0,376] = 0,9643930457339231
T[2, 0,002] = 1
T[2, 0,344] = 0,965373724575
T[1, 0,857] = 0,876712824150861
T[2, 0,957] = 0,86250296836
T[1, 0,691] = 0,9484537122552801
T[2, 0,017] = 1
T[1, 0,205] = 0,9992807340739154
T[1, 0,235] = 0,9989369286243861
T[2, 0,737] = 0,9207315713409561
T[1, 0,324] = 0,9958647599227255
T[1, 0,139] = 1
T[1, 0,21] = 0,9989971146022238
T[1, 0,517] = 0,9804619278711391
T[1, 0,253] = 0,9979884583165597
T[2, 0,123] = 0,9894900358833194
T[1, 0,106] = 1
T[1, 0,789] = 0,9149218045289575
T[1, 0,619] = 0,9650372390766069
T[1, 0,594] = 0,9695773535323987
T[1, 0,059] = 1
T[1, 0,808] = 0,9056112235060085
T[2, 0,773] = 0,9091913922947719
T[2, 0,437] = 0,9307474491500001
T[2, 0,098] = 0,9939565204392595
T[1, 0,267] = 0,9978146998515078
T[2, 0,532] = 0,9307474491500001
T[2, 0,182] = 0,9840440348369706
T[2, 0,427] = 0,9392738744227749
T[2, 0,816] = 0,8899550552895954
T[1, 0,604] = 0,967396880305514
T[1, 0,501] = 0,9824010748047044
T[2, 0,978] = 0,86250296836
T[2, 0,251] = 0,965373724575
T[1, 0,216] = 0,9989971146022238
T[2, 0,258] = 0,965373724575
T[1, 0,064] = 1
T[2, 0,33] = 0,965373724575
T[2, 0,385] = 0,9613340115858833
T[2, 0,371] = 0,965373724575
T[1, 0,155] = 1
T[2, 0,13] = 0,9887342007508835
T[2, 0,215] = 0,9687813786943014
T[2, 0,543] = 0,9307474491500001
T[2, 0,926] = 0,86250296836
T[1, 0,18] = 0,9999131646445624
T[1, 0,087] = 1
T[1, 0,609] = 0,9668379942540498
T[2, 0,758] = 0,9138796448307935
T[1, 0,043] = 1
T[1, 0,218] = 0,9989971146022238
T[2, 0,808] = 0,8934628701544753
T[1, 0,75] = 0,9295105055565749
T[1, 0,152] = 1
T[1, 0,19] = 0,9994841817690269
T[2, 0,573] = 0,9307474491500001
T[2, 0,533] = 0,9307474491500001
T[1, 0,715] = 0,9414421600690935
T[1, 0,92] = 0,8614948983
T[2, 0,161] = 0,9863636838728302
T[2, 0,205] = 0,9747948908569535
T[2, 0,853] = 0,8695026430812072
T[2, 0,125] = 0,9892758110899389
T[2, 0,384] = 0,9619001177696309
T[1, 0,244] = 0,9983520021755903
T[2, 0,651] = 0,9307474491500001
T[2, 0,917] = 0,86250296836
T[1, 0,387] = 0,991815303505696
T[2, 0,807] = 0,8945413660743358
T[1, 0,773] = 0,9212810129962943
T[2, 0,963] = 0,86250296836
T[1, 0,069] = 1
T[2, 0,28] = 0,965373724575
T[1, 0,175] = 1
T[1, 0,893] = 0,8614948983
T[2, 0,49] = 0,9307474491500001
T[1, 0,212] = 0,9989971146022238
T[2, 0,431] = 0,9307474491500001
T[1, 0,555] = 0,975471468122443
T[2, 0,064] = 0,9992190491878629
T[1, 0,624] = 0,9638486210845845
T[2, 0,25] = 0,965373724575
T[1, 0,792] = 0,912828178433059
T[1, 0,093] = 1
T[1, 0,995] = 0,8614948983
T[2, 0,684] = 0,9307474491500001
T[2, 0,77] = 0,9103725244656063
T[2, 0,308] = 0,965373724575
T[2, 0,928] = 0,86250296836
T[1, 0,113] = 1
T[2, 0,891] = 0,86250296836
T[2, 0,783] = 0,904406105852182
T[1, 0,232] = 0,9989369286243861
T[1, 0,286] = 0,9969740308659838
T[1, 0,211] = 0,9989971146022238
T[1, 0,958] = 0,8614948983
T[1, 0,068] = 1
T[2, 0,648] = 0,9307474491500001
T[2, 0,006] = 1
T[1, 0,836] = 0,8904616874492277
T[1, 0,402] = 0,9909168040649882
T[2, 0,837] = 0,8789955579726303
T[1, 0,971] = 0,8614948983
T[2, 0,087] = 0,996553375399128
T[2, 0,085] = 0,9967305677052339
T[1, 0,557] = 0,975471468122443
T[1, 0,923] = 0,8614948983
T[1, 0,391] = 0,991815303505696
T[2, 0,117] = 0,9894900358833194
T[1, 0,38] = 0,9927347208224309
T[2, 0,696] = 0,9307474491500001
T[2, 0,81] = 0,8931994489824906
T[2, 0,358] = 0,965373724575
T[2, 0,289] = 0,965373724575
T[2, 0,307] = 0,965373724575
T[1, 0,611] = 0,9668379942540498
T[1, 0,001] = 1
T[2, 0,42] = 0,9438178922378424
T[2, 0,025] = 1
T[2, 0,276] = 0,965373724575
T[1, 0,168] = 1
T[2, 0,959] = 0,86250296836
T[1, 0,939] = 0,8614948983
T[1, 0,189] = 0,9994841817690269
T[2, 0,452] = 0,9307474491500001
T[2, 0,297] = 0,965373724575
T[1, 0,073] = 1
T[2, 0,225] = 0,965373724575
T[2, 0,465] = 0,9307474491500001
T[2, 0,245] = 0,965373724575
T[1, 0,775] = 0,9208157433959415
T[2, 0,992] = 0,86250296836
T[2, 0,076] = 0,9980127415769422
T[1, 0,95] = 0,8614948983
T[2, 0,108] = 0,9911521523305997
T[2, 0,609] = 0,9307474491500001
T[1, 0,406] = 0,9907662328944027
T[1, 0,541] = 0,9776450311576246
T[2, 0,659] = 0,9307474491500001
T[1, 0,831] = 0,8934212465969307
T[1, 0,999] = 0,8614948983
T[1, 0,082] = 1
T[1, 0,86] = 0,8751255147772057
T[2, 0,94] = 0,86250296836
T[2, 0,047] = 0,9998710454422567
T[2, 0,191] = 0,9811987731468469
T[2, 0,844] = 0,874415961553859
T[2, 0,037] = 1
T[1, 0,793] = 0,9123708466992301
T[2, 0,508] = 0,9307474491500001
T[1, 0,936] = 0,8614948983
T[1, 0,926] = 0,8614948983
T[2, 0,192] = 0,9809500588848155
T[1, 0,952] = 0,8614948983
T[2, 0,964] = 0,86250296836
T[2, 0,441] = 0,9307474491500001
T[1, 0,07] = 1
T[2, 0,515] = 0,9307474491500001
T[1, 0,314] = 0,9959538317887302
T[1, 0,74] = 0,9335424083048295
T[1, 0,859] = 0,8751255147772057
T[1, 0,289] = 0,9969740308659838
T[2, 0,567] = 0,9307474491500001
T[1, 0,612] = 0,9662199901481532
T[1, 0,149] = 1
T[1, 0,246] = 0,9979884583165597
T[2, 0,151] = 0,9875811899460922
T[1, 0,791] = 0,912828178433059
T[2, 0,316] = 0,965373724575
T[2, 0,242] = 0,965373724575
T[2, 0,05] = 0,9998201835184788
T[1, 0,321] = 0,9959538317887302
T[2, 0,895] = 0,86250296836
T[1, 0,599] = 0,9685679153525969
T[1, 0,25] = 0,9979884583165597
T[1, 0,482] = 0,984350397141935
T[1, 0,841] = 0,8868803414723425
T[2, 0,429] = 0,9379864903813045
T[1, 0,881] = 0,8614948983
T[1, 0,89] = 0,8614948983
T[1, 0,834] = 0,8908605937855311
T[1, 0,048] = 1
T[2, 0,813] = 0,8912912141673992
T[2, 0,838] = 0,8776588089542575
T[2, 0,323] = 0,965373724575
T[2, 0,664] = 0,9307474491500001
T[2, 0,681] = 0,9307474491500001
T[2, 0,173] = 0,9847658533817111
T[2, 0,066] = 0,9989703061600512
T[2, 0,56] = 0,9307474491500001
T[1, 0,653] = 0,9578173027741297
T[1, 0,925] = 0,8614948983
T[1, 0,115] = 1
T[1, 0,728] = 0,9375195243988064
T[2, 0,506] = 0,9307474491500001
T[2, 0,175] = 0,9845368155023597
T[1, 0,907] = 0,8614948983
T[2, 0,055] = 0,999749278650556
T[2, 0,449] = 0,9307474491500001
T[2, 0,034] = 1
T[2, 0,357] = 0,965373724575
T[2, 0,004] = 1
T[2, 0,716] = 0,9273687691768657
T[2, 0,484] = 0,9307474491500001
T[1, 0,268] = 0,9978146998515078
T[1, 0,06] = 1
T[2, 0,522] = 0,9307474491500001
T[1, 0,317] = 0,9959538317887302
T[2, 0,583] = 0,9307474491500001
T[1, 0,884] = 0,8614948983
T[1, 0,484] = 0,984279367291425
T[1, 0,133] = 1
T[1, 0,047] = 1
T[1, 0,128] = 1
T[1, 0,807] = 0,9061432147549001
T[1, 0,183] = 0,9996906293341835
T[1, 0,62] = 0,9650372390766069
T[2, 0,996] = 0,86250296836
T[2, 0,741] = 0,9196045474245447
T[1, 0,708] = 0,9440271259094227
T[1, 0,23] = 0,9989369286243861
T[2, 0,998] = 0,86250296836
T[1, 0,158] = 1
T[1, 0,707] = 0,9440271259094227
T[1, 0,442] = 0,9881454820663077
T[2, 0,69] = 0,9307474491500001
T[2, 0,479] = 0,9307474491500001
T[2, 0,241] = 0,965373724575
T[1, 0,471] = 0,9854341675855086
T[1, 0,764] = 0,9247950925873876
T[1, 0,477] = 0,9844697898452655
T[1, 0,409] = 0,9907662328944027
T[1, 0,701] = 0,9454157217977297
T[1, 0,643] = 0,9600458355645778
T[2, 0,789] = 0,9027548264945016
T[1, 0,91] = 0,8614948983
T[2, 0,744] = 0,9191640681802989
T[1, 0,931] = 0,8614948983
T[1, 0,774] = 0,9208157433959415
T[1, 0,753] = 0,9287860914678463
T[1, 0,074] = 1
T[2, 0,863] = 0,86250296836
T[1, 0,378] = 0,992858597406006
T[2, 0,576] = 0,9307474491500001
T[2, 0,481] = 0,9307474491500001
T[2, 0,91] = 0,86250296836
T[2, 0,159] = 0,9863636838728302
T[1, 0,279] = 0,9973014803320432
T[1, 0,992] = 0,8614948983
T[1, 0,719] = 0,9401406501395535
T[1, 0,567] = 0,9732872097916512
T[1, 0,626] = 0,9638486210845845
T[1, 0,671] = 0,9536171747754985
T[2, 0,682] = 0,9307474491500001
T[1, 0,397] = 0,9915058203580315
T[2, 0,634] = 0,9307474491500001
T[1, 0,746] = 0,932204543829276
T[2, 0,188] = 0,9821965228669616
T[2, 0,334] = 0,965373724575
T[2, 0,815] = 0,8907398790078731
T[1, 0,655] = 0,9576560388929483
T[1, 0,986] = 0,8614948983
T[1, 0,636] = 0,96145375929473
T[2, 0,266] = 0,965373724575
T[1, 0,446] = 0,9877023349164201
T[2, 0,467] = 0,9307474491500001
T[2, 0,09] = 0,9962321868786199
T[1, 0,5] = 0,9824010748047044
T[1, 0,519] = 0,9804619278711391
T[1, 0,148] = 1
T[1, 0,77] = 0,9226680231717664
T[1, 0,309] = 0,9961292424167316
T[1, 0,977] = 0,8614948983
T[2, 0,068] = 0,9986789515770312
T[1, 0,033] = 1
T[2, 0,379] = 0,9633959864826566
T[2, 0,351] = 0,965373724575
T[2, 0,01] = 1
T[2, 0,677] = 0,9307474491500001
T[2, 0,317] = 0,965373724575
T[1, 0,311] = 0,9959538317887302
T[2, 0,239] = 0,965373724575
T[1, 0,702] = 0,9454157217977297
T[1, 0,918] = 0,8614948983
T[2, 0,653] = 0,9307474491500001
T[1, 0,659] = 0,9565933456355658
T[1, 0,41] = 0,9907662328944027
T[2, 0,206] = 0,9741850661566434
T[1, 0,213] = 0,9989971146022238
T[2, 0,734] = 0,9218526312245048
T[1, 0,282] = 0,9969820089933403
T[1, 0,429] = 0,9891378226845023
T[1, 0,404] = 0,9907662328944027
T[2, 0,624] = 0,9307474491500001
T[2, 0,949] = 0,86250296836
T[2, 0,504] = 0,9307474491500001
T[1, 0,318] = 0,9959538317887302
T[2, 0,729] = 0,9229677358395822
T[2, 0,723] = 0,9251801132146142
T[1, 0,178] = 0,9999131646445624
T[1, 0,457] = 0,9869895031929299
T[1, 0,467] = 0,9860404910815459
T[1, 0,451] = 0,9875843441304705
T[1, 0,763] = 0,9247950925873876
T[1, 0,957] = 0,8614948983
T[2, 0,704] = 0,9306074106974894
T[1, 0,346] = 0,9942133753329367
T[2, 0,866] = 0,86250296836
T[1, 0,277] = 0,9973014803320432
T[2, 0,817] = 0,8894602132129411
T[1, 0,52] = 0,9799573691181012
T[2, 0,096] = 0,9947614769196563
T[2, 0,012] = 1
T[1, 0,842] = 0,8868803414723425
T[1, 0,823] = 0,8967402646265732
T[1, 0,595] = 0,9695773535323987
T[1, 0,676] = 0,9527520374414071
T[2, 0,67] = 0,9307474491500001
T[1, 0,136] = 1
T[1, 0,352] = 0,9942133753329367
T[2, 0,821] = 0,8881018557464069
T[1, 0,935] = 0,8614948983
T[1, 0,077] = 1
T[1, 0,062] = 1
T[1, 0,209] = 0,9989971146022238
T[2, 0,919] = 0,86250296836
T[1, 0,379] = 0,9927347208224309
T[1, 0,849] = 0,8823519778812904
T[2, 0,105] = 0,9925214301464346
T[1, 0,512] = 0,9810643242093819
T[1, 0,257] = 0,9979884583165597
T[2, 0,879] = 0,86250296836
T[1, 0,695] = 0,9475093464497155
T[2, 0,706] = 0,9299730126657698
T[2, 0,74] = 0,9206731463795493
T[2, 0,976] = 0,86250296836
T[1, 0,199] = 0,9992807340739154
T[2, 0,962] = 0,86250296836
T[1, 0,642] = 0,9602475024612894
T[1, 0,668] = 0,9541276794699143
T[2, 0,11] = 0,9908666959506844
T[1, 0,747] = 0,9310022815120462
T[2, 0,194] = 0,9799719499213589
T[1, 0,342] = 0,9949278604382025
T[2, 0,077] = 0,99781004559257
T[2, 0,198] = 0,9782070446082647
T[2, 0,602] = 0,9307474491500001
T[2, 0,685] = 0,9307474491500001
T[2, 0,921] = 0,86250296836
T[2, 0,217] = 0,965373724575
T[1, 0,657] = 0,9568836070899689
T[2, 0,72] = 0,9262673874098417
T[1, 0,704] = 0,9453106018587285
T[1, 0,256] = 0,9979884583165597
T[1, 0,229] = 0,9989369286243861
T[2, 0,144] = 0,9877965088082183
T[2, 0,746] = 0,9184715504872126
T[2, 0,59] = 0,9307474491500001
T[1, 0,44] = 0,9881633169947475
T[1, 0,891] = 0,8614948983
T[1, 0,984] = 0,8614948983
T[1, 0,493] = 0,9832608350526052
T[2, 0,562] = 0,9307474491500001
T[2, 0,165] = 0,9858824573583869
T[1, 0,932] = 0,8614948983
T[1, 0,68] = 0,9516382918914823
T[1, 0,527] = 0,9799573691181012
T[1, 0,388] = 0,991815303505696
T[2, 0,752] = 0,9161876004677227
T[1, 0,362] = 0,9936173933866114
T[1, 0,739] = 0,9335424083048295
T[2, 0,721] = 0,9255372145236597
T[1, 0,551] = 0,9761860343785345
T[1, 0,822] = 0,8982348620485163
T[2, 0,153] = 0,9872238499661965
T[1, 0,243] = 0,9983520021755903
T[1, 0,307] = 0,9961292424167316
T[1, 0,019] = 1
T[1, 0,948] = 0,8614948983
T[1, 0,894] = 0,8614948983
T[1, 0,687] = 0,9494514473391263
T[2, 0,129] = 0,9887342007508835
T[1, 0,031] = 1
T[2, 0,158] = 0,9863636838728302
T[1, 0,855] = 0,8780824175349837
T[1, 0,639] = 0,96145375929473
T[1, 0,697] = 0,9466830446175458
T[2, 0,966] = 0,86250296836
T[1, 0,96] = 0,8614948983
T[1, 0,369] = 0,9934800839159053
T[1, 0,887] = 0,8614948983
T[2, 0,531] = 0,9307474491500001
T[1, 0,281] = 0,9969820089933403
T[2, 0,234] = 0,965373724575
T[1, 0,634] = 0,961904960671848
T[1, 0,313] = 0,9959538317887302
T[1, 0,27] = 0,9978146998515078
T[1, 0,921] = 0,8614948983
T[1, 0,375] = 0,992858597406006
T[2, 0,211] = 0,9712031959916995
T[1, 0,264] = 0,9979884583165597
T[1, 0,949] = 0,8614948983
T[1, 0,021] = 1
T[2, 0,394] = 0,9574609022644788
T[2, 0,382] = 0,9623975462936938
T[1, 0,334] = 0,9949278604382025
T[1, 0,868] = 0,8614948983
T[2, 0,132] = 0,98844150358531
T[2, 0,489] = 0,9307474491500001
T[2, 0,901] = 0,86250296836
T[1, 0,515] = 0,9810643242093819
T[1, 0,815] = 0,9022934780585077
T[2, 0,514] = 0,9307474491500001
T[2, 0,095] = 0,9951751646797297
T[1, 0,079] = 1
T[2, 0,842] = 0,8763156307857827
T[1, 0,373] = 0,992858597406006
T[2, 0,325] = 0,965373724575
T[2, 0,486] = 0,9307474491500001
T[2, 0,801] = 0,8970445793572664
T[2, 0,971] = 0,86250296836
T[1, 0,692] = 0,9478595881713446
T[2, 0,462] = 0,9307474491500001
T[1, 0,022] = 1
T[1, 0,941] = 0,8614948983
T[2, 0,049] = 0,9998710454422567
T[1, 0,435] = 0,9886507550594523
T[1, 0,927] = 0,8614948983
T[2, 0,803] = 0,8959153105013773
T[2, 0,154] = 0,987060592575538
T[2, 0,411] = 0,9491174310242582
T[1, 0,459] = 0,9865121490791403
T[2, 0,366] = 0,965373724575
T[2, 0,026] = 1
T[1, 0,164] = 1
T[1, 0,617] = 0,9650372390766069
T[1, 0,572] = 0,9731936134969521
T[2, 0,819] = 0,8883977162137957
T[2, 0,967] = 0,86250296836
T[1, 0,628] = 0,9638486210845845
T[1, 0,255] = 0,9979884583165597
T[2, 0,016] = 1
T[1, 0,908] = 0,8614948983
T[2, 0,143] = 0,987868467565246
T[2, 0,969] = 0,86250296836
T[2, 0,549] = 0,9307474491500001
T[2, 0,114] = 0,9894900358833194
T[1, 0,743] = 0,932326465181043
T[2, 0,089] = 0,9964746950803065
T[2, 0,575] = 0,9307474491500001
T[1, 0,464] = 0,9862688931527419
T[1, 0,748] = 0,9310022815120462
T[2, 0,726] = 0,9245611046168123
T[1, 0,377] = 0,992858597406006
T[2, 0,925] = 0,86250296836
T[2, 0,007] = 1
T[1, 0,241] = 0,9983520021755903
T[2, 0,487] = 0,9307474491500001
T[1, 0,818] = 0,9009482315027669
T[2, 0,033] = 1
T[1, 0,554] = 0,975471468122443
T[1, 0,779] = 0,9184883690172279
T[2, 0] = 1
T[2, 0,619] = 0,9307474491500001
T[1, 0,846] = 0,8843807388922578
T[2, 0,359] = 0,965373724575
T[1, 0,622] = 0,9645122690140906
T[1, 0,04] = 1
T[2, 0,965] = 0,86250296836
T[1, 0,134] = 1
T[2, 0,756] = 0,9150366282736672
T[2, 0,604] = 0,9307474491500001
T[2, 0,878] = 0,86250296836
T[2, 0,213] = 0,9701829259270659
T[2, 0,269] = 0,965373724575
T[2, 0,599] = 0,9307474491500001
T[1, 0,784] = 0,917082706488995
T[2, 0,824] = 0,8857847450733638
T[1, 0,955] = 0,8614948983
T[2, 0,948] = 0,86250296836
T[2, 0,782] = 0,9053164810387523
T[2, 0,911] = 0,86250296836
T[2, 0,755] = 0,9153691166494664
T[2, 0,418] = 0,9452308437246139
T[2, 0,179] = 0,9840921364869726
T[1, 0,507] = 0,9821654784330096
T[1, 0,092] = 1
T[1, 0,772] = 0,9212810129962943
T[2, 0,201] = 0,9768543913572038
T[1, 0,593] = 0,9697331008920924
T[1, 0,681] = 0,9516382918914823
T[1, 0,573] = 0,972677341190784
T[1, 0,729] = 0,9371045767631089
T[2, 1] = 0,86250296836
T[1, 0,452] = 0,9872213868372282
T[1, 0,924] = 0,8614948983
T[2, 0,715] = 0,9273687691768657
T[2, 0,155] = 0,9868600426938959
T[1, 0,67] = 0,9541276794699143
T[1, 0,601] = 0,9685679153525969
T[1, 0,236] = 0,998888261840905
T[2, 0,539] = 0,9307474491500001
T[1, 0,095] = 1
T[2, 0,922] = 0,86250296836
T[2, 0,259] = 0,965373724575
T[1, 0,497] = 0,9832426454021721
T[1, 0,262] = 0,9979884583165597
T[1, 0,492] = 0,9832608350526052
T[2, 0,877] = 0,86250296836
T[1, 0,395] = 0,991815303505696
T[2, 0,657] = 0,9307474491500001
T[2, 0,477] = 0,9307474491500001
T[1, 0,906] = 0,8614948983
T[1, 0,607] = 0,9673911290716795
T[1, 0,856] = 0,8780824175349837
T[1, 0,071] = 1
T[2, 0,594] = 0,9307474491500001
T[1, 0,569] = 0,9732872097916512
T[1, 0,045] = 1
T[2, 0,956] = 0,86250296836
T[1, 0,259] = 0,9979884583165597
T[2, 0,27] = 0,965373724575
T[1, 0,892] = 0,8614948983
T[1, 0,154] = 1
T[1, 0,865] = 0,8614948983
T[2, 0,958] = 0,86250296836
T[2, 0,244] = 0,965373724575
T[2, 0,099] = 0,9937193655887173
T[2, 0,104] = 0,9931574890361576
T[1, 0,9] = 0,8614948983
T[2, 0,559] = 0,9307474491500001
T[2, 0,286] = 0,965373724575
T[1, 0,173] = 1
T[1, 0,475] = 0,9852881670656819
T[1, 0,754] = 0,9281543073213218
T[1, 0,852] = 0,8807317037082635
T[2, 0,584] = 0,9307474491500001
T[2, 0,892] = 0,86250296836
T[2, 0,834] = 0,8803636870139419
T[2, 0,745] = 0,9184715504872126
T[1, 0,88] = 0,8614948983
T[1, 0,589] = 0,9700325340145659
T[1, 0,618] = 0,9650372390766069
T[2, 0,857] = 0,866731769724778
T[1, 0,82] = 0,8991795634278141
T[1, 0,733] = 0,9356922215979829
T[2, 0,927] = 0,86250296836
T[1, 0,47] = 0,9854341675855086
T[1, 0,447] = 0,9877023349164201
T[1, 0,265] = 0,9979884583165597
T[2, 0,04] = 1
T[2, 0,938] = 0,86250296836
T[1, 0,364] = 0,9936173933866114
T[2, 0,12] = 0,9894900358833194
T[1, 0,771] = 0,9220441427854651
T[2, 0,793] = 0,900445727996942
T[2, 0,598] = 0,9307474491500001
T[2, 0,614] = 0,9307474491500001
T[1, 0,249] = 0,9979884583165597
T[2, 0,656] = 0,9307474491500001
T[1, 0,614] = 0,9659648705583821
T[2, 0,663] = 0,9307474491500001
T[1, 0,717] = 0,9409507175082967
T[2, 0,596] = 0,9307474491500001
T[2, 0,248] = 0,965373724575
T[1, 0,503] = 0,9821654784330096
T[2, 0,637] = 0,9307474491500001
T[2, 0,692] = 0,9307474491500001
T[1, 0,437] = 0,9886507550594523
T[2, 0,787] = 0,9031945362335749
T[2, 0,392] = 0,9585413532444975
T[1, 0,514] = 0,9810643242093819
T[1, 0,146] = 1
T[1, 0,819] = 0,8997229929730826
T[1, 0,274] = 0,9973014803320432
T[1, 0,462] = 0,9862688931527419
T[1, 0,713] = 0,9416803536579855
T[1, 0,587] = 0,9708924423265952
T[2, 0,812] = 0,892013283081295
T[1, 0,223] = 0,9989971146022238
T[2, 0,056] = 0,999749278650556
T[1, 0,787] = 0,915670797313873
T[1, 0,123] = 1
T[2, 0,414] = 0,9474784237251247
T[1, 0,73] = 0,9371045767631089
T[2, 0,115] = 0,9894900358833194
T[2, 0,092] = 0,9957044100478073
T[1, 0,605] = 0,967396880305514
T[1, 0,528] = 0,9788446097050565
T[2, 0,294] = 0,965373724575
T[1, 0,248] = 0,9979884583165597
T[1, 0,83] = 0,8938036276724574
T[1, 0,36] = 0,9938961159828497
T[2, 0,859] = 0,8651173666073491
T[2, 0,655] = 0,9307474491500001
T[2, 0,319] = 0,965373724575
T[2, 0,084] = 0,9967305677052339
T[2, 0,425] = 0,9407171174894459
T[1, 0,278] = 0,9973014803320432
T[1, 0,096] = 1
T[2, 0,909] = 0,86250296836
T[1, 0,641] = 0,9602475024612894
T[2, 0,605] = 0,9307474491500001
T[2, 0,279] = 0,965373724575
T[1, 0,693] = 0,9478595881713446
T[2, 0,403] = 0,9530716073774501
T[2, 0,571] = 0,9307474491500001
T[2, 0,335] = 0,965373724575
T[2, 0,545] = 0,9307474491500001
T[1, 0,85] = 0,8814342349788917
T[1, 0,413] = 0,9904995832000011
T[1, 0,438] = 0,9886507550594523
T[1, 0,765] = 0,9240488441564894
T[1, 0,056] = 1
T[2, 0,199] = 0,9777029900465066
T[1, 0,108] = 1
T[2, 0,739] = 0,9206731463795493
T[1, 0,759] = 0,9267919729653131
T[1, 0,473] = 0,9854341675855086
T[2, 0,633] = 0,9307474491500001
T[2, 0,157] = 0,9864714565752337
T[1, 0,434] = 0,9890410052422004
T[1, 0,066] = 1
T[1, 0,327] = 0,9956036343055568
T[1, 0,871] = 0,8614948983
T[2, 0,219] = 0,965373724575
T[1, 0,345] = 0,9949278604382025
T[2, 0,3] = 0,965373724575
T[2, 0,906] = 0,86250296836
T[1, 0,933] = 0,8614948983
T[1, 0,174] = 1
T[1, 0,954] = 0,8614948983
T[1, 0,686] = 0,9494514473391263
T[1, 0,757] = 0,9276192529994185
T[1, 0,312] = 0,9959538317887302
T[2, 0,668] = 0,9307474491500001
T[1, 0,837] = 0,889169596200178
T[2, 0,464] = 0,9307474491500001
T[1, 0,099] = 1
T[2, 0,06] = 0,9995880005438975
T[2, 0,054] = 0,999749278650556
T[2, 0,631] = 0,9307474491500001
T[2, 0,226] = 0,965373724575
T[1, 0,384] = 0,9927171409463394
T[2, 0,699] = 0,9307474491500001
T[2, 0,433] = 0,9307474491500001
T[2, 0,328] = 0,965373724575
T[1, 0,288] = 0,9969740308659838
T[1, 0,09] = 1
T[2, 0,299] = 0,965373724575
T[2, 0,527] = 0,9307474491500001
T[1, 0,547] = 0,9766016631406951
T[2, 0,913] = 0,86250296836
T[2, 0,122] = 0,9894900358833194
T[1, 0,525] = 0,9799573691181012
T[1, 0,679] = 0,9516382918914823
T[1, 0,221] = 0,9989971146022238
T[2, 0,689] = 0,9307474491500001
T[1, 0,516] = 0,9810643242093819
T[1, 0,982] = 0,8614948983
T[1, 0,996] = 0,8614948983
T[1, 0,204] = 0,9992807340739154
T[1, 0,627] = 0,9638486210845845
T[2, 0,152] = 0,9873529926015755
T[2, 0,828] = 0,8833065262036608
T[2, 0,388] = 0,9599438998427179
T[2, 0,167] = 0,9858824573583869
T[2, 0,305] = 0,965373724575
T[1, 0,202] = 0,9992807340739154
T[1, 0,578] = 0,9720459448596828
T[1, 0,424] = 0,9897113839988004
T[2, 0,314] = 0,965373724575
T[1, 0,081] = 1
T[1, 0,777] = 0,9198877996854358
T[1, 0,308] = 0,9961292424167316
T[1, 0,782] = 0,9174201092410018
T[2, 0,083] = 0,9967305677052339
T[1, 0,116] = 1
T[2, 0,774] = 0,9080041958115947
T[2, 0,513] = 0,9307474491500001
T[2, 0,862] = 0,8629736791997427
T[1, 0,638] = 0,96145375929473
T[1, 0,678] = 0,9519345744663921
T[2, 0,78] = 0,9056115643028759
T[1, 0,285] = 0,9969740308659838
T[1, 0,094] = 1
T[2, 0,988] = 0,86250296836
T[2, 0,496] = 0,9307474491500001
T[1, 0,496] = 0,9832426454021721
T[1, 0,967] = 0,8614948983
T[1, 0,366] = 0,9934800839159053
T[2, 0,554] = 0,9307474491500001
T[1, 0,151] = 1
T[1, 0,919] = 0,8614948983
T[1, 0,201] = 0,9992807340739154
T[1, 0,171] = 1
T[1, 0,046] = 1
T[1, 0,582] = 0,9715170331848423
T[1, 0,509] = 0,9819315201324792
T[2, 0,811] = 0,892013283081295
T[1, 0,835] = 0,8904616874492277
T[1, 0,219] = 0,9989971146022238
T[2, 0,044] = 1
T[1, 0,902] = 0,8614948983
T[1, 0,46] = 0,9865121490791403
T[1, 0,177] = 0,9999131646445624
T[1, 0,524] = 0,9799573691181012
T[1, 0,71] = 0,9429888315301815
T[2, 0,788] = 0,9027548264945016
T[2, 0,977] = 0,86250296836
T[2, 0,512] = 0,9307474491500001
T[1, 0,145] = 1
T[2, 0,046] = 0,9999226573335459
T[1, 0,086] = 1
T[1, 0,17] = 1
T[1, 0,744] = 0,932326465181043
T[2, 0,885] = 0,86250296836
T[2, 0,505] = 0,9307474491500001
T[1, 0,431] = 0,9891378226845023
T[2, 0,855] = 0,8681204893894459
T[1, 0,972] = 0,8614948983
T[1, 0,675] = 0,9527520374414071
T[2, 0,97] = 0,86250296836
T[2, 0,823] = 0,8857847450733638
T[2, 0,544] = 0,9307474491500001
T[2, 0,061] = 0,99951487792989
T[2, 0,156] = 0,9865824521140047
T[2, 0,563] = 0,9307474491500001
T[2, 0,145] = 0,9876977930100743
T[2, 0,015] = 1
T[2, 0,68] = 0,9307474491500001
T[2, 0,616] = 0,9307474491500001
T[2, 0,21] = 0,9719089461189212
T[1, 0,072] = 1
T[2, 0,731] = 0,9227862930614201
T[2, 0,792] = 0,9007530138457132
T[2, 0,013] = 1
T[2, 0,204] = 0,9753096455795354
T[1, 0,025] = 1
T[2, 0,2] = 0,9773980032486782
T[2, 0,495] = 0,9307474491500001
T[2, 0,278] = 0,965373724575
T[2, 0,229] = 0,965373724575
T[1, 0,901] = 0,8614948983
T[1, 0,166] = 1
T[2, 0,806] = 0,8945413660743358
T[2, 0,728] = 0,9240768937287657
T[2, 0,257] = 0,965373724575
T[2, 0,694] = 0,9307474491500001
T[1, 0,685] = 0,9501984683044635
T[1, 0,577] = 0,9722418153406491
T[2, 0,419] = 0,9442089319715683
T[2, 0,168] = 0,9858824573583869
T[2, 0,867] = 0,86250296836
T[1, 0,476] = 0,9852881670656819
T[2, 0,888] = 0,86250296836
T[1, 0,72] = 0,9401406501395535
T[2, 0,5] = 0,9307474491500001
T[2, 0,134] = 0,9881674629652497
T[2, 0,224] = 0,965373724575
T[2, 0,848] = 0,8722473346383602
T[1, 0,997] = 0,8614948983
T[1, 0,436] = 0,9886507550594523
T[1, 0,217] = 0,9989971146022238
T[2, 0,306] = 0,965373724575
T[1, 0,494] = 0,9832608350526052
T[2, 0,516] = 0,9307474491500001
T[1, 0,354] = 0,9938961159828497
T[1, 0,017] = 1
T[2, 0,059] = 0,9996603827669446
T[2, 0,447] = 0,9307474491500001
T[1, 0,502] = 0,9821654784330096
T[2, 0,945] = 0,86250296836
T[2, 0,785] = 0,9042103713945915
T[1, 0,142] = 1
T[1, 0,711] = 0,9427376486136672
T[1, 0,51] = 0,9819315201324792
T[2, 0,939] = 0,86250296836
T[2, 0,216] = 0,965373724575
T[1, 0,661] = 0,9565933456355658
T[1, 0,228] = 0,9989369286243861
T[2, 0,448] = 0,9307474491500001
T[1, 0,159] = 1
T[2, 0,743] = 0,9191640681802989
T[2, 0,714] = 0,9279402233719756
T[1, 0,677] = 0,9519345744663921
T[2, 0,525] = 0,9307474491500001
T[2, 0,032] = 1
T[1, 0,726] = 0,9381168041138002
T[2, 0,137] = 0,9881674629652497
T[1, 0,59] = 0,9700325340145659
T[2, 0,607] = 0,9307474491500001
T[1, 0,319] = 0,9959538317887302
T[2, 0,93] = 0,86250296836
T[1, 0,326] = 0,9956036343055568
T[2, 0,733] = 0,9218526312245048
T[2, 0,312] = 0,965373724575
T[1, 0,165] = 1
T[2, 0,453] = 0,9307474491500001
T[1, 0,785] = 0,916166653649225
T[1, 0,716] = 0,9414421600690935
T[1, 0,405] = 0,9907662328944027
T[2, 0,873] = 0,86250296836
T[1, 0,138] = 1
T[2, 0,61] = 0,9307474491500001
T[2, 0,094] = 0,9951795069091243
T[2, 0,697] = 0,9307474491500001
T[2, 0,905] = 0,86250296836
T[1, 0,725] = 0,9381168041138002
T[2, 0,818] = 0,8894602132129411
T[2, 0,831] = 0,8818496134866121
T[2, 0,387] = 0,9604078716979707
T[1, 0,664] = 0,9553634737584135
T[1, 0,304] = 0,9965671167261264
T[2, 0,36] = 0,965373724575
T[1, 0,382] = 0,9927347208224309
T[1, 0,699] = 0,9465880861323126
T[1, 0,191] = 0,9994841817690269
T[2, 0,784] = 0,904406105852182
T[1, 0,193] = 0,9994841817690269
T[2, 0,008] = 1
T[2, 0,451] = 0,9307474491500001
T[1, 0,755] = 0,9281543073213218
T[2, 0,795] = 0,8995230356031729
T[1, 0,371] = 0,9934800839159053
T[1, 0,631] = 0,9626541299622023
T[1, 0,495] = 0,9832608350526052
T[1, 0,7] = 0,9465880861323126
T[1, 0,029] = 1
T[1, 0,521] = 0,9799573691181012
T[1, 0,656] = 0,9576560388929483
T[2, 0,421] = 0,9434401707361713
T[2, 0,474] = 0,9307474491500001
T[2, 0,183] = 0,9840440348369706
T[2, 0,551] = 0,9307474491500001
T[1, 0,357] = 0,9938961159828497
T[2, 0,407] = 0,9511467390292538
T[2, 0,302] = 0,965373724575
T[2, 0,252] = 0,965373724575
T[1, 0,483] = 0,984350397141935
T[2, 0,186] = 0,9830816162952607
T[1, 0,633] = 0,9626541299622023
T[2, 0,916] = 0,86250296836
T[1, 0,542] = 0,9776450311576246
T[2, 0,912] = 0,86250296836
T[2, 0,769] = 0,9103725244656063
T[1, 0,667] = 0,9552738100051814
T[2, 0,446] = 0,9307474491500001
T[1, 0,131] = 1
T[2, 0,623] = 0,9307474491500001
T[1, 0,104] = 1
T[1, 0,647] = 0,9591131282214769
T[2, 0,717] = 0,9262825142671323
T[2, 0,625] = 0,9307474491500001
T[1, 0,504] = 0,9821654784330096
T[1, 0,007] = 1
T[2, 0,424] = 0,9411759889406452
T[1, 0,2] = 0,9992807340739154
T[1, 0,015] = 1
T[2, 0,989] = 0,86250296836
T[1, 0,583] = 0,9711861515389533
T[2, 0,979] = 0,86250296836
T[1, 0,508] = 0,9819315201324792
T[2, 0,8] = 0,8974565621427577
T[1, 0,359] = 0,9938961159828497
T[2, 0,601] = 0,9307474491500001
T[2, 0,882] = 0,86250296836
T[1, 0,988] = 0,8614948983
T[2, 0,931] = 0,86250296836
T[2, 0,763] = 0,9115507702335821
T[2, 0,881] = 0,86250296836
T[1, 0,353] = 0,9938961159828497
T[1, 0,536] = 0,9788193279777514
T[1, 0,961] = 0,8614948983
T[1, 0,6] = 0,9685679153525969
T[1, 0,965] = 0,8614948983
T[1, 0,474] = 0,9852881670656819
T[1, 0,672] = 0,9536171747754985
T[2, 0,851] = 0,8707839867505134
T[1, 0,564] = 0,9743354530470134
T[2, 0,439] = 0,9307474491500001
T[1, 0,625] = 0,9638486210845845
T[1, 0,522] = 0,9799573691181012
T[1, 1] = 0,8614948983
T[1, 0,061] = 1
T[2, 0,641] = 0,9307474491500001
T[2, 0,345] = 0,965373724575
T[1, 0,122] = 1
T[2, 0,483] = 0,9307474491500001
T[1, 0,247] = 0,9979884583165597
T[1, 0,224] = 0,9989971146022238
T[2, 0,707] = 0,9295337659714088
T[2, 0,534] = 0,9307474491500001
T[2, 0,702] = 0,9307474491500001
T[1, 0,234] = 0,9989369286243861
T[2, 0,171] = 0,9852049789558692
T[1, 0,49] = 0,9832608350526052
T[2, 0,097] = 0,9944028085473284
T[2, 0,88] = 0,86250296836
T[2, 0,273] = 0,965373724575
T[1, 0,861] = 0,8742693229889951
T[2, 0,121] = 0,9894900358833194
T[2, 0,974] = 0,86250296836
T[1, 0,016] = 1
T[1, 0,488] = 0,9842099445517866
T[2, 0,024] = 1
T[2, 0,281] = 0,965373724575
T[1, 0,415] = 0,9900616181660842
T[1, 0,987] = 0,8614948983
T[1, 0,374] = 0,992858597406006
T[2, 0,713] = 0,9279402233719756
T[2, 0,612] = 0,9307474491500001
T[2, 0,577] = 0,9307474491500001
T[2, 0,45] = 0,9307474491500001
T[1, 0,994] = 0,8614948983
T[1, 0,761] = 0,9265173902245087
T[2, 0,109] = 0,9908954857024561
T[2, 0,64] = 0,9307474491500001
T[2, 0,163] = 0,9862525872379686
T[2, 0,972] = 0,86250296836
T[1, 0,915] = 0,8614948983
T[1, 0,167] = 1
T[1, 0,929] = 0,8614948983
T[2, 0,408] = 0,9506192911590708
T[1, 0,684] = 0,9501984683044635
T[2, 0,841] = 0,8763156307857827
T[2, 0,374] = 0,965373724575
T[1, 0,724] = 0,9388331084529167
T[1, 0,399] = 0,9915058203580315
T[1, 0,518] = 0,9804619278711391
T[2, 0,687] = 0,9307474491500001
T[2, 0,079] = 0,9974333845732174
T[1, 0,962] = 0,8614948983
T[2, 0,373] = 0,965373724575
T[1, 0,98] = 0,8614948983
T[2, 0,608] = 0,9307474491500001
T[1, 0,367] = 0,9934800839159053
T[1, 0,141] = 1
T[2, 0,065] = 0,9991097825015527
T[2, 0,136] = 0,9881674629652497
T[2, 0,454] = 0,9307474491500001
T[1, 0,186] = 0,9996906293341835
T[1, 0,365] = 0,9934800839159053
T[1, 0,523] = 0,9799573691181012
T[1, 0,026] = 1
T[1, 0,063] = 1
T[1, 0,506] = 0,9821654784330096
T[2, 0,347] = 0,965373724575
T[2, 0,617] = 0,9307474491500001
T[2, 0,75] = 0,9162726361113092
T[1, 0,207] = 0,9989971146022238
T[2, 0,184] = 0,9837342930359679
T[2, 0,337] = 0,965373724575
T[2, 0,751] = 0,9162726361113092
T[2, 0,581] = 0,9307474491500001
T[2, 0,727] = 0,9240768937287657
T[2, 0,672] = 0,9307474491500001
T[2, 0,019] = 1
T[1, 0,018] = 1
T[2, 0,327] = 0,965373724575
T[1, 0,412] = 0,9904995832000011
T[1, 0,705] = 0,9447961402920968
T[1, 0,16] = 1
T[2, 0,088] = 0,9964746950803065
T[1, 0,276] = 0,9973014803320432
T[2, 0,22] = 0,965373724575
T[2, 0,491] = 0,9307474491500001
T[2, 0,705] = 0,9299730126657698
T[2, 0,341] = 0,965373724575
T[1, 0,347] = 0,9942133753329367
T[1, 0,34] = 0,9949278604382025
T[1, 0,203] = 0,9992807340739154
T[2, 0,43] = 0,9350894720855752
T[2, 0,364] = 0,965373724575
T[2, 0,375] = 0,9647552527782874
T[2, 0,991] = 0,86250296836
T[2, 0,187] = 0,9827505703780115
T[1, 0,058] = 1
T[1, 0,439] = 0,9881633169947475
T[1, 0,65] = 0,958477758771701
T[2, 0,654] = 0,9307474491500001
T[1, 0,215] = 0,9989971146022238
T[1, 0,351] = 0,9942133753329367
T[1, 0,565] = 0,97395963895152
T[2, 0,775] = 0,9080041958115947
T[1, 0,226] = 0,9989971146022238
T[2, 0,304] = 0,965373724575
T[1, 0,456] = 0,9869895031929299
T[1, 0,745] = 0,932204543829276
T[1, 0,666] = 0,9552738100051814
T[1, 0,461] = 0,9865121490791403
T[2, 0,768] = 0,9105646735445797
T[2, 0,405] = 0,9523623164357722
T[2, 0,676] = 0,9307474491500001
T[2, 0,79] = 0,9019768431000217
T[2, 0,776] = 0,9072138728891326
T[2, 0,119] = 0,9894900358833194
T[2, 0,982] = 0,86250296836
T[1, 0,727] = 0,9375195243988064
T[2, 0,984] = 0,86250296836
T[2, 0,893] = 0,86250296836
T[2, 0,944] = 0,86250296836
T[1, 0,635] = 0,961904960671848
T[1, 0,024] = 1
T[2, 0,482] = 0,9307474491500001
T[1, 0,403] = 0,9909168040649882
T[2, 0,039] = 1
T[2, 0,521] = 0,9307474491500001
T[2, 0,509] = 0,9307474491500001
T[2, 0,673] = 0,9307474491500001
T[2, 0,564] = 0,9307474491500001
T[1, 0,768] = 0,9238002355392618
T[1, 0,828] = 0,8949568474502494
T[1, 0,531] = 0,9788446097050565
T[1, 0,127] = 1
T[2, 0,146] = 0,9876977930100743
T[2, 0,537] = 0,9307474491500001
T[2, 0,18] = 0,9840440348369706
T[1, 0,795] = 0,9113974377001076
T[1, 0,468] = 0,9854341675855086
T[1, 0,348] = 0,9942133753329367
T[2, 0,436] = 0,9307474491500001
T[2, 0,941] = 0,86250296836
T[1, 0,401] = 0,9909168040649882
T[1, 0,543] = 0,9770696091480429
T[2, 0,794] = 0,900445727996942
T[1, 0,649] = 0,9590353526335088
T[1, 0,968] = 0,8614948983
T[1, 0,01] = 1
T[2, 0,036] = 1
T[2, 0,595] = 0,9307474491500001
T[1, 0,889] = 0,8614948983
T[1, 0,78] = 0,9184883690172279
T[1, 0,566] = 0,97395963895152
T[2, 0,771] = 0,9093638740504244
T[1, 0,629] = 0,9630333776632753
T[2, 0,934] = 0,86250296836
T[2, 0,638] = 0,9307474491500001
T[2, 0,195] = 0,979622092254307
T[1, 0,882] = 0,8614948983
T[2, 0,338] = 0,965373724575
T[2, 0,799] = 0,8982868952402894
T[2, 0,497] = 0,9307474491500001
T[1, 0,673] = 0,9528859548823656
T[2, 0,067] = 0,9988300984740076
T[2, 0,141] = 0,9881271051966615
T[2, 0,764] = 0,9115507702335821
T[2, 0,802] = 0,8970445793572664
T[1, 0,989] = 0,8614948983
T[2, 0,923] = 0,86250296836
T[2, 0,255] = 0,965373724575
T[1, 0,426] = 0,9897113839988004
T[2, 0,228] = 0,965373724575
T[1, 0,562] = 0,9743354530470134
T[2, 0,535] = 0,9307474491500001
T[1, 0,762] = 0,9254234896210729
T[1, 0,197] = 0,9992807340739154
T[2, 0,102] = 0,9935089898575868
T[1, 0,028] = 1
T[2, 0,249] = 0,965373724575
T[2, 0,406] = 0,9520743867518878
T[1, 0,252] = 0,9979884583165597
T[1, 0,184] = 0,9996906293341835
T[1, 0,486] = 0,984279367291425
T[1, 0,049] = 1
T[2, 0,018] = 1
T[1, 0,866] = 0,8614948983
T[1, 0,005] = 1
T[1, 0,43] = 0,9891378226845023
T[1, 0,608] = 0,9673911290716795
T[2, 0,835] = 0,8800484347761193
T[2, 0,546] = 0,9307474491500001
T[2, 0,232] = 0,965373724575
T[1, 0,118] = 1
T[1, 0,322] = 0,9958647599227255
T[2, 0,265] = 0,965373724575
T[1, 0,037] = 1
T[2, 0,4] = 0,9547960064973565
T[1, 0,293] = 0,9969740308659838
T[1, 0,545] = 0,9766016631406951
T[1, 0,876] = 0,8614948983
T[2, 0,023] = 1
T[1, 0,103] = 1
T[1, 0,55] = 0,9764435810252229
T[1, 0,067] = 1
T[2, 0,309] = 0,965373724575
T[1, 0,598] = 0,9686701842031983
T[1, 0,298] = 0,9966753755116133
T[2, 0,526] = 0,9307474491500001
T[1, 0,603] = 0,9684466925427173
T[2, 0,17] = 0,9856376784560668
T[2, 0,613] = 0,9307474491500001
T[1, 0,126] = 1
T[2, 0,994] = 0,86250296836
T[1, 0,959] = 0,8614948983
T[2, 0,883] = 0,86250296836
T[1, 0,027] = 1
T[2, 0,809] = 0,8931994489824906
T[2, 0,896] = 0,86250296836
T[2, 0,44] = 0,9307474491500001
T[1, 0,135] = 1
T[2, 0,678] = 0,9307474491500001
T[1, 0,245] = 0,9979884583165597
T[2, 0,471] = 0,9307474491500001
T[1, 0,537] = 0,9777260423249721
T[2, 0,458] = 0,9307474491500001
T[2, 0,398] = 0,9554059800930133
T[1, 0,101] = 1
T[2, 0,435] = 0,9307474491500001
T[1, 0,372] = 0,992858597406006
T[2, 0,9] = 0,86250296836
T[1, 0,02] = 1
T[1, 0,472] = 0,9854341675855086
T[2, 0,621] = 0,9307474491500001
T[2, 0,256] = 0,965373724575
T[2, 0,103] = 0,9934711444389102
T[1, 0,013] = 1
T[2, 0,301] = 0,965373724575
T[1, 0,848] = 0,8823519778812904
T[2, 0,292] = 0,965373724575
T[2, 0,339] = 0,965373724575
T[1, 0,606] = 0,967396880305514
T[1, 0,963] = 0,8614948983
T[2, 0,57] = 0,9307474491500001
T[1, 0,465] = 0,9860404910815459
T[2, 0,542] = 0,9307474491500001
T[2, 0,765] = 0,9114611320504926
T[1, 0,814] = 0,9022934780585077
T[2, 0,473] = 0,9307474491500001
T[1, 0,794] = 0,9123708466992301
T[2, 0,022] = 1
T[1, 0,645] = 0,9591131282214769
T[2, 0,951] = 0,86250296836
T[2, 0,53] = 0,9307474491500001
T[1, 0,329] = 0,9956036343055568
T[1, 0,985] = 0,8614948983
T[2, 0,488] = 0,9307474491500001
T[1, 0,487] = 0,9842099445517866
T[2, 0,52] = 0,9307474491500001
T[2, 0,985] = 0,86250296836
T[1, 0,912] = 0,8614948983
T[1, 0,315] = 0,9959538317887302
T[2, 0,181] = 0,9840440348369706
T[2, 0,698] = 0,9307474491500001
T[1, 0,873] = 0,8614948983
T[1, 0,339] = 0,9949278604382025
T[2, 0,778] = 0,9068109236767294
T[2, 0,804] = 0,8959153105013773
T[2, 0,369] = 0,965373724575
T[2, 0,346] = 0,965373724575
T[2, 0,968] = 0,86250296836
T[2, 0,902] = 0,86250296836
T[2, 0,868] = 0,86250296836
T[1, 0,825] = 0,896400340291562
T[2, 0,031] = 1
T[2, 0,356] = 0,965373724575
T[2, 0,197] = 0,9787304511322394
T[2, 0,517] = 0,9307474491500001
T[2, 0,999] = 0,86250296836
T[2, 0,176] = 0,9845368155023597
T[2, 0,377] = 0,9640771536606609
T[1, 0,976] = 0,8614948983
T[1, 0,26] = 0,9979884583165597
T[2, 0,797] = 0,8986726108823869
T[1, 0,305] = 0,9965671167261264
T[1, 0,302] = 0,9965671167261264
T[1, 0,597] = 0,9686701842031983
T[2, 0,95] = 0,86250296836
T[1, 0,651] = 0,958477758771701
T[1, 0,662] = 0,9559461598002585
T[2, 0,961] = 0,86250296836
T[1, 0,419] = 0,9899077750007315
T[2, 0,918] = 0,86250296836
T[2, 0,852] = 0,8707839867505134
T[2, 0,76] = 0,9133815433019141
T[1, 0,035] = 1
T[2, 0,417] = 0,9454302968927655
T[1, 0,163] = 1
T[1, 0,58] = 0,9720459448596828
T[1, 0,663] = 0,9559461598002585
T[1, 0,561] = 0,9752150836108783
T[2, 0,903] = 0,86250296836
T[2, 0,472] = 0,9307474491500001
T[1, 0,065] = 1
T[2, 0,045] = 0,9999782911611406
T[1, 0,004] = 1
T[2, 0,082] = 0,9967566559217941
T[2, 0,48] = 0,9307474491500001
T[2, 0,267] = 0,965373724575
T[2, 0,983] = 0,86250296836
T[2, 0,65] = 0,9307474491500001
T[2, 0,342] = 0,965373724575
T[2, 0,933] = 0,86250296836
T[1, 0,075] = 1
T[2, 0,416] = 0,9461087398800035
T[2, 0,293] = 0,965373724575
T[1, 0,239] = 0,998888261840905
T[1, 0,79] = 0,9142526264172411
T[2, 0,845] = 0,874415961553859
T[1, 0,376] = 0,992858597406006
T[1, 0,398] = 0,9915058203580315
T[2, 0,952] = 0,86250296836
T[1, 0,039] = 1
T[1, 0,485] = 0,984279367291425
T[2, 0,075] = 0,998155204861642
T[2, 0,189] = 0,9819048132498547
T[2, 0,502] = 0,9307474491500001
T[2, 0,391] = 0,958710054620501
T[2, 0,174] = 0,9845368155023597
T[2, 0,074] = 0,9981692831046155
T[2, 0,162] = 0,9863636838728302
T[2, 0,762] = 0,9127166400029535
T[1, 0,769] = 0,9226680231717664
T[2, 0,915] = 0,86250296836
T[1, 0,56] = 0,9752150836108783
T[2, 0,368] = 0,965373724575
T[2, 0,196] = 0,9792706766222488
T[1, 0,453] = 0,9872213868372282
T[1, 0,703] = 0,9453106018587285
T[1, 0,023] = 1
T[1, 0,61] = 0,9668379942540498
T[2, 0,582] = 0,9307474491500001
T[1, 0,455] = 0,9869895031929299
T[2, 0,274] = 0,965373724575
T[1, 0,973] = 0,8614948983
T[1, 0,143] = 1
T[1, 0,003] = 1
T[1, 0,009] = 1
T[1, 0,991] = 0,8614948983
T[2, 0,538] = 0,9307474491500001
T[1, 0,66] = 0,9565933456355658
T[2, 0,177] = 0,9845368155023597
T[2, 0,796] = 0,8986726108823869
T[1, 0,899] = 0,8614948983
T[2, 0,585] = 0,9307474491500001
T[1, 0,394] = 0,991815303505696
T[1, 0,943] = 0,8614948983
T[2, 0,444] = 0,9307474491500001
T[1, 0,196] = 0,9994841817690269
T[1, 0,161] = 1
T[2, 0,552] = 0,9307474491500001
T[1, 0,84] = 0,8876357844756848
T[1, 0,273] = 0,9973014803320432
T[2, 0,428] = 0,9390412087674919
T[1, 0,214] = 0,9989971146022238
T[1, 0,658] = 0,9568836070899689
T[1, 0,505] = 0,9821654784330096
T[1, 0,363] = 0,9936173933866114
T[1, 0,386] = 0,9927171409463394
T[2, 0,298] = 0,965373724575
T[1, 0,156] = 1
T[2, 0,001] = 1
T[1, 0,928] = 0,8614948983
T[2, 0,603] = 0,9307474491500001
T[1, 0,4] = 0,9915058203580315
T[1, 0,22] = 0,9989971146022238
T[2, 0,622] = 0,9307474491500001
T[1, 0,838] = 0,8884178639431367
T[1, 0,042] = 1
T[2, 0,553] = 0,9307474491500001
T[1, 0,344] = 0,9949278604382025
T[1, 0,185] = 0,9996906293341835
T[2, 0,149] = 0,9876977930100743
T[1, 0,559] = 0,9752150836108783
T[1, 0,283] = 0,9969820089933403
T[2, 0,98] = 0,86250296836
T[2, 0,827] = 0,8842786210463728
T[2, 0,864] = 0,86250296836
T[1, 0,898] = 0,8614948983
T[1, 0,93] = 0,8614948983
T[2, 0,246] = 0,965373724575
T[1, 0,478] = 0,9844697898452655
T[1, 0,714] = 0,9416803536579855
T[2, 0,063] = 0,9992782130765633
T[2, 0,843] = 0,8749660049629164
T[1, 0,731] = 0,9361998871262718
T[2, 0,777] = 0,9072138728891326
T[2, 0,072] = 0,9982436482878537
T[1, 0,105] = 1
T[2, 0,378] = 0,9638096264997092
T[2, 0,993] = 0,86250296836
T[1, 0,287] = 0,9969740308659838
T[1, 0,722] = 0,9391438044406926
T[1, 0,57] = 0,9731936134969521
T[1, 0,549] = 0,9764435810252229
T[2, 0,561] = 0,9307474491500001
T[2, 0,524] = 0,9307474491500001
T[2, 0,87] = 0,86250296836
T[1, 0,944] = 0,8614948983
T[1, 0,766] = 0,9240488441564894
T[1, 0,182] = 0,9996906293341835
T[2, 0,6] = 0,9307474491500001
T[2, 0,048] = 0,9998710454422567
T[1, 0,051] = 1
T[2, 0,557] = 0,9307474491500001
T[2, 0,566] = 0,9307474491500001
T[2, 0,288] = 0,965373724575
T[1, 0,917] = 0,8614948983
T[1, 0,237] = 0,998888261840905
T[1, 0,804] = 0,907417565428815
T[2, 0,264] = 0,965373724575
T[2, 0,658] = 0,9307474491500001
T[2, 0,686] = 0,9307474491500001
T[1, 0,198] = 0,9992807340739154
T[1, 0,078] = 1
T[2, 0,73] = 0,9229677358395822
T[1, 0,741] = 0,9331223067743235
T[1, 0,64] = 0,96145375929473
T[2, 0,889] = 0,86250296836
T[2, 0,732] = 0,9227862930614201
T[2, 0,035] = 1
T[1, 0,238] = 0,998888261840905
T[1, 0,776] = 0,9198877996854358
T[1, 0,083] = 1
T[2, 0,113] = 0,9894900358833194
T[1, 0,956] = 0,8614948983
T[1, 0,979] = 0,8614948983
T[2, 0,58] = 0,9307474491500001
T[1, 0,833] = 0,8922174797600071
T[1, 0,858] = 0,8759729807626091
T[2, 0,237] = 0,965373724575
T[2, 0,92] = 0,86250296836
T[1, 0,297] = 0,9966753755116133
T[2, 0,468] = 0,9307474491500001
T[1, 0,998] = 0,8614948983
T[2, 0,485] = 0,9307474491500001
T[1, 0,511] = 0,9810643242093819
T[1, 0,87] = 0,8614948983
T[2, 0,886] = 0,86250296836
T[2, 0,501] = 0,9307474491500001
T[1, 0,805] = 0,9070672978870167
T[2, 0,07] = 0,9984050826345983
T[1, 0,586] = 0,9708924423265952
T[2, 0,272] = 0,965373724575
T[1, 0,886] = 0,8614948983
T[1, 0,781] = 0,9174201092410018
T[1, 0,736] = 0,9349371721438716
T[2, 0,361] = 0,965373724575
T[2, 0,372] = 0,965373724575
T[1, 0,539] = 0,9777260423249721
T[1, 0,408] = 0,9907662328944027
T[1, 0,872] = 0,8614948983
T[1, 0,809] = 0,9047246328715443
T[2, 0,767] = 0,9105646735445797
T[2, 0,639] = 0,9307474491500001
T[2, 0,331] = 0,965373724575
T[2, 0,043] = 1
T[2, 0,254] = 0,965373724575
T[2, 0,85] = 0,8711585834163417
T[2, 0,461] = 0,9307474491500001
T[1, 0,361] = 0,9936173933866114
T[2, 0,247] = 0,965373724575
T[1, 0,269] = 0,9978146998515078
T[1, 0,448] = 0,9877023349164201
T[2, 0,742] = 0,9196045474245447
T[2, 0,402] = 0,9537087827144075
T[1, 0,99] = 0,8614948983
T[1, 0,934] = 0,8614948983
T[2, 0,899] = 0,86250296836
T[1, 0,885] = 0,8614948983
T[1, 0,964] = 0,8614948983
T[2, 0,218] = 0,965373724575
T[2, 0,395] = 0,9571263132086205
T[1, 0,752] = 0,9287860914678463
T[2, 0,415] = 0,9469018138362286
T[1, 0,091] = 1
T[2, 0,665] = 0,9307474491500001
T[2, 0,164] = 0,985948808884312
T[1, 0,591] = 0,9697331008920924
T[1, 0,358] = 0,9938961159828497
T[1, 0,983] = 0,8614948983
T[2, 0,185] = 0,9833856020762074
T[2, 0,786] = 0,9031945362335749
T[2, 0,353] = 0,965373724575
T[1, 0,463] = 0,9862688931527419
T[1, 0,533] = 0,9788446097050565
T[2, 0,14] = 0,9881674629652497
T[1, 0,783] = 0,917082706488995
T[2, 0,51] = 0,9307474491500001
T[2, 0,629] = 0,9307474491500001
T[2, 0,381] = 0,9627117448105365
T[2, 0,615] = 0,9307474491500001
T[2, 0,396] = 0,9564140892165295
T[2, 0,027] = 1
T[1, 0,568] = 0,9732872097916512
T[2, 0,116] = 0,9894900358833194
T[2, 0,367] = 0,965373724575
T[1, 0,945] = 0,8614948983
T[1, 0,874] = 0,8614948983
T[2, 0,822] = 0,8868820346992076
T[1, 0,895] = 0,8614948983
T[2, 0,914] = 0,86250296836
T[2, 0,846] = 0,8736099126426733
T[1, 0,552] = 0,9761860343785345
T[1, 0,044] = 1
T[2, 0,587] = 0,9307474491500001
T[2, 0,443] = 0,9307474491500001
T[1, 0,576] = 0,9722418153406491
T[2, 0,759] = 0,9138796448307935
T[1, 0,392] = 0,991815303505696
T[1, 0,29] = 0,9969740308659838
T[2, 0,847] = 0,8727765817961071
T[1, 0,613] = 0,9662199901481532
T[2, 0,618] = 0,9307474491500001
T[1, 0,263] = 0,9979884583165597
T[2, 0,635] = 0,9307474491500001
T[1, 0,418] = 0,9899077750007315
T[2, 0,32] = 0,965373724575
T[1, 0,336] = 0,9949278604382025
T[1, 0,969] = 0,8614948983
T[1, 0,423] = 0,9897113839988004
T[1, 0,011] = 1
T[2, 0,112] = 0,9895810496322371
T[2, 0,124] = 0,9894874068951746
T[1, 0,843] = 0,8860953644311235
T[2, 0,588] = 0,9307474491500001
T[2, 0,313] = 0,965373724575
T[1, 0,284] = 0,9969820089933403
T[1, 0,085] = 1
T[2, 0,057] = 0,9997342321560965
T[2, 0,626] = 0,9307474491500001
T[2, 0,953] = 0,86250296836
T[2, 0,494] = 0,9307474491500001
T[1, 0,444] = 0,9881454820663077
T[2, 0,565] = 0,9307474491500001
T[1, 0,052] = 1
T[1, 0,306] = 0,9961292424167316
T[2, 0,041] = 1
T[1, 0,751] = 0,9295105055565749
T[2, 0,362] = 0,965373724575
T[2, 0,445] = 0,9307474491500001
T[1, 0,054] = 1
T[1, 0,469] = 0,9854341675855086
T[1, 0,333] = 0,9949278604382025
T[1, 0,862] = 0,8614948983
T[1, 0,208] = 0,9989971146022238
T[2, 0,597] = 0,9307474491500001
T[2, 0,693] = 0,9307474491500001
T[2, 0,354] = 0,965373724575
T[1, 0,688] = 0,949125117189456
T[2, 0,166] = 0,9858824573583869
T[2, 0,943] = 0,86250296836
T[2, 0,798] = 0,8982868952402894
T[1, 0,129] = 1
T[2, 0,894] = 0,86250296836
T[1, 0,28] = 0,9969820089933403
T[1, 0,242] = 0,9983520021755903
T[1, 0,294] = 0,9969740308659838
T[2, 0,89] = 0,86250296836
T[2, 0,02] = 1
T[2, 0,849] = 0,8722473346383602
T[2, 0,086] = 0,996553375399128
T[1, 0,006] = 1
T[2, 0,34] = 0,965373724575
T[2, 0,708] = 0,9295337659714088
T[2, 0,238] = 0,965373724575
T[1, 0,888] = 0,8614948983
T[1, 0,449] = 0,9875843441304705
T[2, 0,791] = 0,9007530138457132
T[1, 0,646] = 0,9591131282214769
T[2, 0,321] = 0,965373724575
T[2, 0,568] = 0,9307474491500001
T[1, 0,669] = 0,9541276794699143
T[2, 0,16] = 0,9863636838728302
T[2, 0,536] = 0,9307474491500001
T[2, 0,499] = 0,9307474491500001
T[1, 0,732] = 0,9361998871262718
T[1, 0,966] = 0,8614948983
T[1, 0,481] = 0,984350397141935
T[1, 0,008] = 1
T[2, 0,753] = 0,9161876004677227
T[2, 0,475] = 0,9307474491500001
T[1, 0,863] = 0,8614948983
T[1, 0,689] = 0,949125117189456
T[2, 0,397] = 0,956185423349615
T[1, 0,938] = 0,8614948983
T[2, 0,833] = 0,8815440096094302
T[2, 0,671] = 0,9307474491500001
T[2, 0,642] = 0,9307474491500001
T[2, 0,523] = 0,9307474491500001
T[2, 0,589] = 0,9307474491500001
T[2, 0,529] = 0,9307474491500001
T[1, 0,749] = 0,930840182077966
T[1, 0,914] = 0,8614948983
T[1, 0,698] = 0,9466830446175458
T[1, 0,422] = 0,9897113839988004
T[1, 0,978] = 0,8614948983
T[2, 0,26] = 0,965373724575
T[1, 0,272] = 0,9973014803320432
T[2, 0,712] = 0,9284542212137297
T[2, 0,318] = 0,965373724575
T[2, 0,282] = 0,965373724575
T[1, 0,433] = 0,9890410052422004
T[2, 0,389] = 0,959817241303811
T[1, 0,227] = 0,9989369286243861
T[1, 0,053] = 1
T[2, 0,725] = 0,9245611046168123
T[2, 0,051] = 0,9998201835184788
T[2, 0,021] = 1
T[1, 0,368] = 0,9934800839159053
T[1, 0,323] = 0,9958647599227255
T[1, 0,328] = 0,9956036343055568
T[1, 0,953] = 0,8614948983
T[2, 0,66] = 0,9307474491500001
T[2, 0,592] = 0,9307474491500001
T[2, 0,093] = 0,9953699909393234
T[2, 0,423] = 0,9421903694461289
T[1, 0,558] = 0,975471468122443
T[1, 0,254] = 0,9979884583165597
T[2, 0,011] = 1
T[2, 0,99] = 0,86250296836
T[2, 0,761] = 0,9133815433019141
T[2, 0,606] = 0,9307474491500001
T[1, 0,946] = 0,8614948983
T[2, 0,107] = 0,9918752119763508
T[2, 0,303] = 0,965373724575
T[1, 0,036] = 1
T[2, 0,556] = 0,9307474491500001
T[1, 0,816] = 0,9012385823181417
T[1, 0,275] = 0,9973014803320432
T[2, 0,981] = 0,86250296836
T[1, 0,147] = 1
T[2, 0,287] = 0,965373724575
T[1, 0,721] = 0,9391438044406926
T[1, 0,041] = 1
T[1, 0,602] = 0,9684466925427173
T[2, 0,946] = 0,86250296836
T[2, 0,973] = 0,86250296836
T[1, 0,119] = 1
T[2, 0,071] = 0,9982619447350942
T[2, 0,645] = 0,9307474491500001
T[1, 0,905] = 0,8614948983
T[2, 0,858] = 0,8655502990864882
T[2, 0,296] = 0,965373724575
T[1, 0,111] = 1
T[1, 0,088] = 1
T[2, 0,874] = 0,86250296836
T[1, 0,303] = 0,9965671167261264
T[2, 0,19] = 0,9816293475561272
T[1, 0,144] = 1
T[1, 0,812] = 0,9041487735037756
T[2, 0,884] = 0,86250296836
T[2, 0,876] = 0,86250296836
T[2, 0,127] = 0,9890057140476664
T[2, 0,719] = 0,9262673874098417
T[2, 0,518] = 0,9307474491500001
T[1, 0,563] = 0,9743354530470134
T[2, 0,003] = 1
T[1, 0,08] = 1
T[2, 0,872] = 0,86250296836
T[1, 0,109] = 1
T[1, 0,947] = 0,8614948983
T[1, 0,615] = 0,9659648705583821
T[2, 0,348] = 0,965373724575
T[2, 0,457] = 0,9307474491500001
T[2, 0,593] = 0,9307474491500001
T[1, 0,571] = 0,9731936134969521
T[1, 0,355] = 0,9938961159828497
T[1, 0,407] = 0,9907662328944027
T[2, 0,111] = 0,9907215547619246
T[1, 0,432] = 0,9890410052422004
T[1, 0,832] = 0,8922174797600071
T[2, 0,455] = 0,9307474491500001
T[2, 0,572] = 0,9307474491500001
T[2, 0,284] = 0,965373724575
T[2, 0,383] = 0,9620244220782447
T[1, 0,032] = 1
T[1, 0,13] = 1
T[2, 0,661] = 0,9307474491500001
T[1, 0,937] = 0,8614948983
T[2, 0,193] = 0,9803202532490736
T[2, 0,091] = 0,9959733463978405
T[1, 0,055] = 1
T[1, 0,652] = 0,9578173027741297
T[1, 0,498] = 0,9832426454021721
T[2, 0,695] = 0,9307474491500001
T[2, 0,253] = 0,965373724575
T[1, 0,798] = 0,9099603882581304
T[2, 0,101] = 0,9936167292559305
T[1, 0,797] = 0,9108119601860265
T[2, 0,46] = 0,9307474491500001
T[1, 0,132] = 1
T[2, 0,871] = 0,86250296836
T[2, 0,869] = 0,86250296836
T[2, 0,754] = 0,9153691166494664
T[2, 0,856] = 0,8681204893894459
T[1, 0,292] = 0,9969740308659838
T[1, 0,911] = 0,8614948983
T[1, 0,806] = 0,9061432147549001
T[2, 0,315] = 0,965373724575
T[2, 0,722] = 0,9255372145236597
T[2, 0,749] = 0,9172462784003732
T[2, 0,135] = 0,9881674629652497
T[2, 0,349] = 0,965373724575
T[2, 0,069] = 0,9985275688603485
T[1, 0,012] = 1
T[1, 0,951] = 0,8614948983
T[2, 0,703] = 0,9306074106974894
T[2, 0,662] = 0,9307474491500001
T[2, 0,924] = 0,86250296836
T[2, 0,052] = 0,999749278650556
T[1, 0,665] = 0,9553634737584135
T[1, 0,32] = 0,9959538317887302
T[1, 0,581] = 0,9715170331848423
T[2, 0,643] = 0,9307474491500001
T[2, 0,586] = 0,9307474491500001
T[1, 0,162] = 1
T[1, 0,385] = 0,9927171409463394
T[2, 0,324] = 0,965373724575
T[1, 0,875] = 0,8614948983
T[1, 0,81] = 0,9047246328715443
T[2, 0,805] = 0,8956681179498235
T[1, 0,546] = 0,9766016631406951
T[1, 0,904] = 0,8614948983
T[1, 0,31] = 0,9959538317887302
T[1, 0,417] = 0,9900616181660842
T[1, 0,864] = 0,8614948983
T[1, 0,706] = 0,9447961402920968
T[2, 0,009] = 1
T[2, 0,081] = 0,9969542335976965
T[1, 0,738] = 0,9348741855413947
T[1, 0,331] = 0,9949278604382025
T[2, 0,503] = 0,9307474491500001
T[1, 0,97] = 0,8614948983
T[2, 0,688] = 0,9307474491500001
T[2, 0,326] = 0,965373724575
T[2, 0,352] = 0,965373724575
T[2, 0,854] = 0,8685606205754333
T[1, 0,107] = 1
T[1, 0,829] = 0,8949568474502494
T[2, 0,147] = 0,9876977930100743
T[1, 0,942] = 0,8614948983
T[1, 0,396] = 0,991815303505696
T[2, 0,747] = 0,9173432720308758
T[1, 0,844] = 0,8848127839667979
T[1, 0,188] = 0,9994841817690269
T[1, 0,529] = 0,9788446097050565
T[2, 0,936] = 0,86250296836
T[1, 0,222] = 0,9989971146022238
T[2, 0,233] = 0,965373724575
T[1, 0,114] = 1
T[1, 0,034] = 1
T[1, 0,588] = 0,9708924423265952
T[1, 0,867] = 0,8614948983
T[2, 0,207] = 0,9737392118625623
T[1, 0,271] = 0,9978146998515078
T[1, 0,644] = 0,9600458355645778
T[2, 0,413] = 0,9476461669935562
T[2, 0,929] = 0,86250296836
T[1, 0,694] = 0,9478595881713446
T[1, 0,251] = 0,9979884583165597
T[1, 0,993] = 0,8614948983
T[2, 0,275] = 0,965373724575
T[1, 0,922] = 0,8614948983
T[1, 0,266] = 0,9979884583165597
T[1, 0,981] = 0,8614948983
T[1, 0,24] = 0,9983520021755903
T[2, 0,221] = 0,965373724575
T[1, 0,466] = 0,9860404910815459
T[2, 0,7] = 0,9307474491500001
T[1, 0,817] = 0,9009482315027669
T[1, 0,489] = 0,9842099445517866
T[2, 0,84] = 0,8772615300204087
T[1, 0,335] = 0,9949278604382025
T[1, 0,233] = 0,9989369286243861
T[2, 0,227] = 0,965373724575
T[2, 0,908] = 0,86250296836
T[1, 0,181] = 0,9999131646445624
T[1, 0,623] = 0,9645122690140906
T[2, 0,138] = 0,9881674629652497
T[1, 0,621] = 0,9645122690140906
T[2, 0,311] = 0,965373724575
T[1, 0,084] = 1
T[2, 0,907] = 0,86250296836
T[2, 0,209] = 0,9726154218623069
T[1, 0,33] = 0,9949278604382025
T[1, 0,421] = 0,9899077750007315
T[1, 0,325] = 0,9958647599227255
T[1, 0,574] = 0,972677341190784
T[2, 0,578] = 0,9307474491500001
T[1, 0,35] = 0,9942133753329367
T[1, 0,799] = 0,9099603882581304
T[2, 0,058] = 0,9997342321560965
T[1, 0,877] = 0,8614948983
T[2, 0,718] = 0,9262825142671323
T[2, 0,235] = 0,965373724575
T[2, 0,236] = 0,965373724575
T[2, 0,644] = 0,9307474491500001
T[1, 0,532] = 0,9788446097050565
T[1, 0,8] = 0,909592012994713
T[1, 0,712] = 0,9427376486136672
T[2, 0,779] = 0,9056115643028759
T[1, 0,206] = 0,9992807340739154
T[1, 0] = 1
T[2, 0,386] = 0,9606405064981471
T[2, 0,172] = 0,9850576361830532
T[2, 0,478] = 0,9307474491500001
T[1, 0,513] = 0,9810643242093819
T[1, 0,414] = 0,9904995832000011
T[1, 0,458] = 0,9865121490791403
T[2, 0,942] = 0,86250296836
T[1, 0,411] = 0,9904995832000011
T[2, 0,393] = 0,9578353986569366
T[1, 0,811] = 0,9041487735037756
T[1, 0,897] = 0,8614948983
T[2, 0,223] = 0,965373724575
T[2, 0,86] = 0,8651173666073491
T[2, 0,434] = 0,9307474491500001
T[2, 0,825] = 0,8854726657265297
T[2, 0,042] = 1
T[1, 0,258] = 0,9979884583165597
T[1, 0,261] = 0,9979884583165597
T[2, 0,409] = 0,9504741157513834
T[2, 0,277] = 0,965373724575
T[1, 0,824] = 0,8967402646265732
T[1, 0,801] = 0,9085170138438727
T[1, 0,097] = 1
T[2, 0,814] = 0,8907398790078731
T[1, 0,038] = 1
T[2, 0,053] = 0,999749278650556
T[1, 0,778] = 0,9196344826076219
T[1, 0,383] = 0,9927171409463394
T[2, 0,832] = 0,8815440096094302
T[1, 0,827] = 0,8952923339871124
T[2, 0,646] = 0,9307474491500001
T[2, 0,231] = 0,965373724575
T[2, 0,1] = 0,9936823250807533
T[1, 0,12] = 1
T[1, 0,878] = 0,8614948983
T[1, 0,124] = 1
T[1, 0,057] = 1
T[2, 0,541] = 0,9307474491500001
T[2, 0,271] = 0,965373724575
T[2, 0,214] = 0,9695206043837459
T[1, 0,1] = 1
T[1, 0,796] = 0,9108119601860265
T[1, 0,896] = 0,8614948983
T[2, 0,38] = 0,9632586951122544
T[2, 0,062] = 0,9993865428677988
T[2, 0,399] = 0,9549801941290652
T[2, 0,203] = 0,976037193375944
T[2, 0,826] = 0,8842786210463728
T[2, 0,82] = 0,8881018557464069
T[2, 0,528] = 0,9307474491500001
T[2, 0,55] = 0,9307474491500001
T[1, 0,179] = 0,9999131646445624
T[1, 0,534] = 0,9788193279777514
T[1, 0,341] = 0,9949278604382025
T[2, 0,757] = 0,9150366282736672
T[2, 0,459] = 0,9307474491500001
T[1, 0,296] = 0,9969740308659838
T[1, 0,05] = 1
T[1, 0,393] = 0,991815303505696
T[1, 0,854] = 0,8785477488455496
T[2, 0,781] = 0,9053164810387523
T[2, 0,674] = 0,9307474491500001
T[1, 0,291] = 0,9969740308659838
T[2, 0,35] = 0,965373724575
T[1, 0,756] = 0,9276192529994185
T[2, 0,41] = 0,9495897817139071
T[1, 0,883] = 0,8614948983
T[2, 0,148] = 0,9876977930100743
T[1, 0,195] = 0,9994841817690269
T[1, 0,909] = 0,8614948983
T[2, 0,47] = 0,9307474491500001
T[2, 0,469] = 0,9307474491500001
T[2, 0,29] = 0,965373724575
T[2, 0,724] = 0,9251801132146142
T[1, 0,37] = 0,9934800839159053
T[1, 0,553] = 0,9761860343785345
T[1, 0,737] = 0,9348741855413947
T[2, 0,463] = 0,9307474491500001
T[2, 0,666] = 0,9307474491500001
T[1, 0,879] = 0,8614948983
T[1, 0,847] = 0,8829946120140421
T[2, 0,169] = 0,9858824573583869
T[2, 0,39] = 0,9592441845086139
T[2, 0,31] = 0,965373724575
T[2, 0,54] = 0,9307474491500001
T[1, 0,696] = 0,9475093464497155
T[2, 0,683] = 0,9307474491500001
T[2, 0,212] = 0,9705879944703226
T[1, 0,089] = 1
T[2, 0,865] = 0,86250296836
T[1, 0,15] = 1
T[1, 0,299] = 0,9966753755116133
T[2, 0,322] = 0,965373724575
T[1, 0,03] = 1
T[1, 0,14] = 1
T[2, 0,498] = 0,9307474491500001
T[2, 0,128] = 0,9890057140476664
